biases7
                  1.87656707074313966466
                 -1.76110796447809003773
                 -1.62766211387146464418
                 -1.73479860292437404468
                 -2.04736779502537036279
                 -2.02384870960198082201
                 -1.49184933734618052625
                  2.09380205238869443463
                 -1.14959610304440840167
                  1.19156162311691637967
                 -1.41449921775319698014
                  0.98877855601235831173
                  1.05072873925323917454
                  0.78584368374188628970
                 -1.00555751970549334118
                  1.03053568018179730892
                  0.86901106594006904960
                 -0.30463032888413033028
                 -0.68496296661205546830
                  0.44062407392013258622
                 -0.63502697993369672247
                  0.33784699278479429774
                 -0.13206999026303173350
                  0.29848514467773618053
                  0.15821102986035040505
                  0.28583719317597300336
                 -0.08059980608810257685
                 -0.19333894570424484116
                 -0.10734907684070568723
                  0.35368866094957795987
                  0.40249601133882939585
                  0.88133571571524882415
                  0.16617336779664224067
                  1.24677349885459487489
                  0.54659349307222493408
                 -0.99539255607887966448
                  0.98740913606117231005
                 -0.93113802192454475648
                  0.93193711151732994136
                 -1.13705753603330972368
                  0.69867328057571764788
                 -1.64850660666316506386
                 -1.26342638741709767380
                  1.58329249778507419322
                 -1.77937470301677946871
                 -1.64728224875621243051
                 -1.73394146705576268630
                 -1.71288542672277621648
                 -1.45277576508602423999
                 -1.67349780838749206957
                  1.56154688445583444967
                  1.56155071637216491531
                  1.42265634502435189823
                  1.32263820148479349648
                  1.34723218925746168750
                  1.69910760062094556844
                 -1.20267251644998984794
                  1.42570887362909570761
                  1.25321148850537045227
                  1.13351684253527373869
                  1.17202448934495118138
                  1.05828633433333640923
                  1.17283325653743730754
                 -1.05976738098475564698
                 -0.84241643737507099221
                 -0.73535456997068848750
                 -0.84881814681244471821
                  0.55670596286877049863
                 -0.77599055004843631167
                 -0.77800027562574802786
                  0.77057983755765191436
                 -0.61113105575218107379
                  0.80972806767633564995
                  0.78995862180141540598
                  0.45412856209449464773
                  0.56414049772970786822
                 -0.64456609416927890255
                  0.58671912938928483250
                  0.27975792544119981731
                  0.43996947288443316593
                 -0.26103743274665419660
                  0.36879727602418588273
                 -0.14864581117314862313
                  0.30964501604457406181
                  0.23201376421843569742
                 -0.31639584268985526672
                  0.14652803453559218316
                 -0.17479229099585885665
                  0.23807667456838182973
                 -0.08372498504775092998
                  0.21437088939306639390
                  0.13229874460767157562
                 -0.07542115846577518434
                  0.12921835450045010552
                  0.14772025707131614114
                 -0.10723733072561775215
                 -0.24762515839809270957
                 -0.35788418280220146706
                 -0.34047752945974268934
                 -0.38088933393035850905
                 -0.34373597488276058654
                 -0.47792132698659889334
                  0.48141666919731773699
                  0.48193107530954654161
                 -0.67581664408429475976
                  0.59633295743916425735
                 -0.60169966825440002189
                 -0.74628217291779952447
                  0.75462767650472883929
                 -0.62891304470504516555
                 -0.79579387322227346235
                  0.80897622264868385145
                 -0.95716850680339360391
                  0.99840528090434432773
                  0.89295274812452818392
                 -0.87289559385275017345
                 -1.04435559862205851189
                  0.90946343112239513840
                 -1.13422693665224283421
                 -1.21320799253173516874
                 -1.20071893899722925703
                 -1.15737433932328848130
                 -1.11797042412482405815
                  1.34446350082600329934
                  1.32903136071357041992
                  1.34332119764599444700
                  1.36643550528267576638
                 -1.49014734224163625242
                 -1.46890213310414696757
                 -1.30382280534724603882
                 -0.12273469025273757438
biases31
                  2.31988375809778979431
                  2.07747203795444157493
                  1.49624316416536040641
                  1.90336638321080409142
                 -1.61505650607723816314
                  1.64457048804306937839
                  1.11809161151630598319
                  0.97565527741480040369
                 -1.53190630011371209385
                  1.38919951966175414526
                 -0.89873086733382989699
                  1.22670069077351362452
                  1.12870752065776658313
                  0.85712293344885059909
                 -0.57754402268089510830
                  0.50239940383232783994
                 -0.14696082474299720921
                  0.70662466806325963109
                 -0.30175145996517882541
                 -0.37290037127004099782
                 -1.36965442404735981974
                  1.42096670763527432868
                  0.07168898933499370796
                 -0.02426824763676521668
                 -0.21106941913415366852
                  0.24079738010082946120
                 -0.30985648374055935195
                  0.37641839173776875382
                  0.12770302882328662952
                  0.26909688741570464421
                 -0.36837448506005587845
                  0.47913299985407936665
                  0.38677114708994192460
                  0.55573901273167081172
                  0.05799878794584104741
                  0.28482489967507579331
                  1.10535211183735793128
                 -0.93232549644198592365
                  1.12720591108592649299
                 -0.85592751278114476143
                 -0.99556464335187611070
                 -0.79047036398729642048
                  1.42613943861099445876
                  1.59449323266148046407
                 -1.28396629746904045177
                  1.15059122468631525038
                  1.78494052680604697869
                  1.71846829567044445675
                  1.77303287736050241286
                  2.12110085755086874570
                 -1.40707524902501934783
                 -1.69562352502658164610
                  1.58481295064087635005
                  1.50182065407446296845
                 -1.28600010243284534894
                  1.27450569487185672024
                  1.20158054419720916606
                  1.15832045687556473013
                  1.27155425417156298096
                 -1.26051026020637335634
                  1.11592957569406925344
                 -0.94932009711330067603
                  1.02039545508369222659
                 -0.95721145461827339407
                 -0.92535405475770027284
                 -0.93028338389959430721
                  0.93523956575985733863
                 -0.68017871042184507857
                  0.61962225203908805060
                  0.87297064888535957916
                  0.79788213244639427657
                  0.67202131342361226540
                 -0.63449774226358757190
                 -0.63265304746802364377
                  0.59997370887397616368
                  0.72443565197716675019
                 -0.48223336145205136782
                  0.53643574456942277884
                 -0.35532320251516885667
                  0.20859634026702544851
                 -0.49991470322631165191
                  0.50846820133227910166
                  0.36052748804667111848
                  0.42307126193297461825
                  0.00601045550020672028
                 -0.13740203162685704630
                  0.05332802727579896707
                  0.08948909857194251027
                 -0.06446452262789861831
                 -0.03733741723744939817
                 -0.15365936855698408836
                  0.04253868855788124625
                 -0.12209461919358738369
                  0.25574754646442099393
                  0.09991924282213492103
                  0.18600539615135830429
                 -0.42193055350348651622
                  0.28202960796941822785
                 -0.47503280077363368994
                 -0.43313504269567981719
                  0.22561971695822333195
                 -0.36975788873121256950
                 -0.56685290672667387746
                  0.69471605546278847321
                  0.60831302787865793036
                  0.67398646674791862221
                  0.60682072803928888138
                  0.68459675836174138652
                 -0.80442167967561661879
                  0.65833004837440711743
                  0.77709565226821475381
                 -0.85931704937600661420
                 -0.87496663904840354942
                  0.88380513142644723246
                  1.00220974938694307177
                  1.07408522087450997162
                  1.03358908801578452952
                  0.83189639265008319402
                  1.07800722280317962110
                  1.04697381726264771018
                 -1.24209231075760029306
                  1.28023823051101137693
                  1.19350055898894713557
                  1.41883902690939134317
                  1.37197429035731133240
                  1.23921492552885736949
                 -1.14326486799855753240
                 -1.46329072769939516618
                 -1.33805850814016147332
                 -1.52115099892471938858
                  0.55107003129224929605
biases42
                 -2.32668795468248523761
                  2.50159439011797424257
                  1.79864186134077908008
                  1.39796630501746554920
                  1.19828664934047712798
                  1.55224789183672884363
                  1.16706781964833794518
                 -1.87979788147176662960
                  1.19964194151166059221
                 -1.10754967478484900312
                  1.25688300921352635875
                  1.46455894406486875070
                  1.08231656909385320908
                  1.25564436470624718467
                 -1.40192196992220718954
                 -0.47745252519655156931
                 -0.38517485267415296768
                 -1.37061234387919506084
                 -0.39979764424525227051
                  0.02725528634233199618
                 -0.29147921944193300181
                 -0.76001735803360059851
                 -0.21192998959388562041
                 -0.84427668478795248053
                  0.16538944210258638146
                 -0.63906410302825167324
                  0.28717316278599153145
                 -0.08535520399512154521
                 -0.20465944767071880817
                  0.06030462745674974173
                 -0.25139687213210143435
                  0.25342943308530913038
                 -0.25651473965942223066
                 -0.88030915874540804911
                  0.28936378252073369222
                 -0.73064088644723201860
                  1.10526754063602283829
                  1.02281015893885074419
                 -1.57674848598523276166
                  1.04354193119282512292
                 -1.22854875472043989504
                 -1.37859298186189560553
                  1.36829681505185329904
                 -1.71040404142374380392
                 -1.50666267348960647432
                 -1.66254526890582288168
                 -1.69540104694970672483
                 -1.65125485175094111057
                  2.47185429055772631912
                 -1.86421126517172353054
                  1.52877677808126732906
                  1.47633797395565147248
                 -1.35816279585455190748
                  1.50846538436423127649
                  1.39393851531489998408
                  1.45125861719513404857
                  1.34366089715543490790
                  1.17380386448611839789
                  1.19940268251739978744
                  1.45912047920050746974
                  1.02765825539646349362
                 -1.24566064007725896268
                  1.11597122680966420738
                  0.98202431694347003255
                  0.94807099227843272260
                 -0.72398338292658737103
                  0.92241504531877605011
                  0.87505502801880163943
                 -1.00216937957606111453
                 -0.99711468582259432658
                 -0.67381946180603102814
                  0.78472758485976734644
                 -0.71450376310748076047
                  0.40859732248685914913
                  0.47730196924336465436
                  0.55070442825881926741
                  0.61391058626391836750
                 -0.74231293188759595036
                  0.33162929041920952145
                 -0.11117110018688257378
                  0.40395295736491820815
                 -0.13820992633300704933
                 -0.38706810243163114471
                  0.23913011324200797447
                 -0.09135691813613006085
                 -0.11072563396287316007
                  0.21452357877045233336
                 -0.15357271907636416142
                  0.09360740120184697644
                  0.16251833437075244304
                 -0.07993885716354084958
                 -0.00033263618280742369
                 -0.03063284805155735285
                  0.19908784864635897804
                 -0.11428077657489776886
                  0.21333365391166672631
                  0.02727823341492438547
                  0.41027194440594644265
                  0.28122115183422807805
                  0.28826622797143813814
                 -0.49401690109634754933
                 -0.61555816676847752156
                  0.51647028541274164759
                  0.62614247043223991707
                  0.67327177098376034259
                 -0.65871679358268608873
                  0.71634588857101499926
                 -0.59214974739394921066
                 -0.61597921273646205620
                 -0.64130291603927647159
                  0.88578769110041488677
                 -0.66568156649636744948
                  1.07563454237125655233
                  0.85918747584103682957
                  0.83195773926612803795
                  0.94357007729954256448
                 -0.86015939603862667795
                  1.05026697141448455142
                  1.22715415277297412722
                  1.15381748621035451485
                 -1.16877908387719076089
                 -1.33675691366042626029
                 -1.34332601525288342081
                 -1.38747110919962124420
                 -1.43313739630046699247
                  1.28317900209839264036
                  1.31206218027615961752
                 -1.45501141531404809548
                  1.41984321764634957574
                  1.50842401238802814589
                  0.96900308575181981485
