                 -3.95537567157522795824
                 -4.82270812232530232677
                 -5.87186753494309954249
                 -3.16348926007696995555
                 -1.02857676225232008704
                  1.82360505905590741804
                 -1.99558018196456532500
                 -3.02645793333398582803
                  1.43627912779723798664
                 -1.80643865408059278721
                  0.26683412268895373431
                  1.31431972164520738389
                 -4.45259905425751600916
                 -2.55840017515799900139
                 -1.16483215418129759655
                -10.47394796510538306222
                 -0.96895592579674749700
                 -2.32299678932156439259
                 -1.21577207486192473418
                  6.65651297399861530124
                 -4.21706702674285338617
                  3.37135907570651749410
                  8.21815655176897053025
                  5.76453561499295386028
                  8.88286848021883734816
                 12.23818431505074677546
                  3.84143452337108293193
                 -0.78123677905006050359
                 -5.01188845055685128216
                  6.67087018106845341947
                  3.20321955774742139766
                  3.55195185893090403795
                 -6.80792502809212951576
                  8.50176679013436675802
                 -1.22060035896466212435
                  0.04680647810642566548
                 -7.55563506798524819885
                  2.26022914796187635034
                  5.06002954665736748296
                 -6.21655684526147211955
                 -9.20504295821824491952
