                  3.61516603239232514611
                  1.49306557893767011258
                 -3.39509222928938747543
                  1.84970235989727171955
                  3.17697608704953804448
                  1.33855284072354696612
                 -0.87387164199925482233
                  0.48596149999959686872
                  1.61170315212527404114
                 -1.39744771088083541422
                  1.68587123578256359302
                 -0.13555640792005968498
                  0.64964889948578985468
                 -2.08518497310187456151
                 -0.95158041539409121690
                  0.44520417446161658637
                  5.51543127921581621820
                  4.07960064520228282703
                 -4.66351587965338865160
                  2.32517815029534080651
                -14.20279616437128744622
                 -3.61171451308058610863
                 -6.81592383368486842699
                  1.42682645059090162931
                  5.24424194663622067480
                  6.53310084141253799572
                  4.99210481847620179963
                  1.40229555654798954123
                 -0.72817866528696040263
                 -0.26500020291218739921
                -24.96322360497584824657
                  6.64795487006471130798
                  1.03826678303235020451
                 -1.32109325971135316280
                  2.56855587153175068948
                 -1.15077077675607664098
                  1.79042157735750429026
                -10.55968975447947322266
                  1.62436072132102360399
                 -6.15341915393240324050
                  2.81807943929753124124
