                 -1.67980918223794639665
                  2.21514946889729102963
                 -1.35644280289742580337
                 -8.22326549251514471450
                 -0.10151185160940773278
                 -7.96660867415630136179
                 -6.32718021542626907205
                 -3.44194426620849558418
                  2.10442018711529632569
                  1.56317403823409595276
                 -0.49058517532071155287
                 -1.80390191288353496368
                  2.26780731757717601837
                  1.51212859173431546367
                  0.70059501324321726834
                 -1.85187224577644782286
                 -2.88309455831626815225
                  0.25015110687682945434
                  5.35460240238409657110
                  2.24156255305452001281
                -11.42670270107989871633
                 -2.73221810782980023546
                 -7.17899595247688537825
                 -2.30720736833427020329
                  2.28763093455020705136
                 -0.23386903195312441772
                 -1.54598465046995281469
                 -0.24742699490992409173
                  6.87082020781296609613
                 -6.71423255086136183678
                 -1.33228197629068123575
                 -2.46172169138601715233
                 -8.29379010894308521529
                  0.00110902317544266495
                  0.55899292552670354350
                 -8.48769371925535587309
                  2.46582517600288708692
                 -7.64658852650579401455
                 13.82580298015244046894
                  9.12663854732969959116
                  4.65319508081183741410
