3	2	1
20	20	
1	521
  0.2486650322000000	  0.1234715974000000	  0.2171542426500000	  9.3605792071499998
  0.2486680121000000	  0.1234715974000000	  0.2171543302500000	  8.7890803620500009
                 -9.41524865598718641024
                 14.34386812560267721040
                 -0.63197539465411944892
                 -2.29430523796576046891
                  0.70886103590598326107
                 -0.69825875978179008374
                 -4.84334911104262477721
                 -0.43786601200247626808
                  3.46212707703045463603
                  3.84584801741060910985
                 -4.11039088348301184794
                 -4.57614213957840298974
                  5.02128172785238469089
                 -7.20829372701653436906
                  0.06344863503080858114
                 -4.80632639845144105095
                  2.06157135771510846567
                  0.38472938928464645025
                  2.92876620920430141837
                 -1.14369429755977281005
                 -0.61196592446707009927
                 -7.33229711300167164012
                  5.07260054845096242104
                 -2.82895057045398079509
                  6.05780685462331991431
                 -4.94179016820842154090
                  0.25474542414661816014
                 -4.01609913054050426950
                  0.48950755561036191077
                 -1.66249538324755441465
                 13.04102952685576255476
                 -6.38674756855726322158
                 -8.39992010442095704548
                  1.59111857853045424172
                  1.17067850913613225039
                 -1.23857591307419445670
                  1.77902945463851813734
                 -2.83639032702019777687
                  1.27342117993270664833
                 12.54395497199018016943
                 -5.81397679751693630124
                -11.25760450689535296931
                  0.30471087887610759370
                 -0.30861347439374531287
                  3.61374758872175716462
                 -1.40133995148291168320
                  1.00969113846966718206
                 -1.21488467640055208818
                 -1.37307315334936341777
                  0.96263564399270040717
                 -1.94764869485917202496
                  0.31577639382745686936
                 -0.01763623333287012845
                  3.61709426150988289095
                 -3.76724093983992824874
                  7.47314606587617813460
                 -0.14969328351439276092
                 -2.37769067078255735836
                 -3.25439879186182112747
                 -0.24002484094726417307
                  8.10788642251506175285
                 -2.18592964976884651662
                  3.33121001768300217805
                  3.69347157371455381281
                 -0.74794444133193460633
                  0.17870349652688460873
                  4.59761357505751533381
                  5.01410572076686467113
                  3.61948079284886281570
                 -2.62276371007649755640
                  1.88468154821338518268
                 -5.30169636139089117677
                  0.78153183079438637293
                  0.47867488937347030253
                  4.19394841942498253218
                  7.12778188210457486207
                 -4.53992651862360663273
                 -0.14839467974486630908
                 -5.32220561621613796888
                  1.78675562369456764067
                 -1.47801924610144386207
                 -2.36404010416246235238
                 -0.10289426808417591330
                  0.18086178053705145863
                  0.83017618106383939125
                  3.86374853771669712899
                 -1.63098624727682883773
                  0.12909509319010925577
                  2.36968768064625523451
                 -0.43529702512489309996
                 -0.09928369012529233983
                  1.71195028302873941684
                 -0.13465856688643593198
                 -0.12897719127368684200
                  1.53953831259760498540
                  1.13035954191648158051
                  0.51577433237897585272
                  0.02445861728274715402
                  1.25222637334167896661
                 -1.85444138958449245003
                 -1.66061157940699133384
                  1.36524316221977004560
                 -1.30618874840263288206
                 -2.36859861642861035946
                  0.83709804192080961016
                 -1.54265322791947578907
                  0.30729957981861444338
                 -1.44661933589648028509
                 -2.38535724392384462789
                  0.26308630742451954987
                 -0.03242264696115500222
                 -0.11285334871002006274
                  1.68594013994880498331
                 -0.16940508580738233846
                 -0.57884867226253633454
                 -0.67231385993749825936
                  0.53828563254739680843
                  0.69066158805856880942
                  0.01395874195205259669
                  0.34992076439938180066
                 -9.53212067632267867623
                 13.63406126152762176673
                  0.89525174999539325338
                 -1.02602551353267057443
                 -7.38950504695945120659
                -14.52320272995494043755
                -13.42938896429256701026
                -24.28020932062473846713
                -15.49400764811893083106
                  1.73894072363248852753
                 -1.51524129907566162956
                 -7.65726878314813852455
                 -4.68514004945903117516
                 -2.78715005240246505025
                 11.12608376497459872212
                  7.82919723387493515787
                 -0.79836641917304296268
                  0.50765408022962321688
                  0.41755671256154580639
                 -7.87373456308955077532
                 -0.11739901732116468647
                 -0.78136577380635174883
                  0.38074317805989699171
                  0.03030510492510566159
                 -0.57585982847845618160
                 -1.35022150904316196041
                  1.38621622897969354327
                  0.60882422839776351164
                 -1.70268770091561139068
                 -0.16550950172275019634
                 -0.14899218541589617781
                 -1.16028993291788817821
                  0.92967172071361525720
                  0.16461573623885986106
                  0.23828144830883687955
                  0.40593145135108443800
                 -0.25090144412448800448
                  0.29750538746735838425
                  0.12110810543017191954
                 -0.44518453254042650302
                 -3.04506122792831002144
                  2.80449725198480104282
                 -0.45389885781742361770
                 -0.58656206895544382718
                 -0.16594511808227091487
                  2.13696071298919809678
                 -0.21949655165594417205
                 -0.27080757439815755783
                 -4.22762128619461829970
                  0.17321713327142504446
                  0.06524276205130538631
                  0.34725218734493951134
                  1.89721091884004744443
                 -0.08580468191084786311
                 -0.19182171840293066323
                 -0.16845587396811523284
                  1.53392849141010567671
                  0.63688157163526570859
                  9.10744884567658807839
                 -4.61282614670167578907
                 -0.02219261482165277299
                  0.89810021065888334668
                 -0.33872349094852283180
                  0.01934705915667606774
                  0.61368656916776498367
                 -0.35479909513310292635
                  0.58088394787279051812
                  0.02318602410441961484
                 -0.30754872623991846847
                  0.05362186851364178497
                  0.02434784861806152736
                 -0.22945928346978916590
                 -0.47159418312066103685
                  0.10115143279655439135
                  0.14618590145744592146
                 -0.48256769008768918283
                  0.22240100831028594697
                 -0.26174328084864190158
                 -0.44841437346194762403
                  0.72708667004971050396
                 -0.02944803927241473884
                  0.66971689277463741785
                  0.04626268696654226020
                  0.04357159929446637048
                 -0.79409717058204221107
                  0.32967111668949833359
                  0.60788047591418992166
                 -0.46449609579469702814
                 -0.31091348174159311180
                  0.30206502630736592474
                 -0.09356524983225017467
                 -0.74907862314096118617
                 -0.07057392713452499688
                 -0.07016484057117013118
                  1.45778636770955061230
                 -1.92675798449021784542
                  0.52616136554517811685
                 -4.44158519810861740496
                 -0.04046636217795921558
                 -1.08430066844570238693
                  0.12374716147800966792
                 -0.15660943708869473623
                 -0.27526016969601097006
                  0.03059667920957449133
                  0.29049153719904441395
                  0.75119558259362340102
                 -0.92859279695572316538
                 -0.24119023684570900512
                  1.23038526290322858259
                 -0.03051670520932885100
                  0.12997617310179124250
                  0.63065399203117544769
                 -0.30065383816694862817
                 -0.14682100425828056856
                 -0.13314619444960756889
                  0.09822728064415495175
                  0.43708052749859377384
                  0.11895616282197084279
                 -0.27201192929236939211
                  0.20345856305012130494
                  2.91978625552782711239
                 -0.76306361129563637924
                 -0.18720305905528208945
                 -1.80127106978319861952
                 -0.01964602348582225946
                  1.37529307747995543920
                 -1.09342171892570028113
                  0.88785656627568432242
                  3.35054000742466762119
                 -1.99331959652152135298
                 -0.12977337063777294457
                  0.70601854457033252910
                  0.27144289556263784258
                  0.05162772518800322341
                 -0.26596197778831026648
                 -1.17986554767100959573
                 -0.36424028464678204209
                  0.54184774697068771587
                 -5.84224851234952513579
                  4.13617105759846470647
                 -0.03022787946754352736
                 -1.10517917583708769058
                 -0.13131358615628008213
                  0.02405892438529452781
                 -0.00390084456639189572
                 -4.28875655532268140746
                  1.00877576332697072026
                  0.01861702537419507655
                 -0.02140537592244777867
                 -0.03511876892365801972
                  0.02867958764010191883
                  0.02169960412473756831
                  0.12750793185965825227
                  0.01474455084191408222
                 -0.07779434041754246243
                 -0.01333717484439350676
                 -0.39021993911641061903
                 -0.03833676768651533839
                  0.03911158523313361390
                 -0.61737171879908703254
                 -3.04174889152169170004
                 -3.12656784490101147256
                 -0.41280425238620216399
                 -1.28556282282275380346
                 -0.19230424149979413739
                  2.56151736716065636656
                 -4.73656031258368503956
                 -1.39300388200175695452
                 -1.80657814886620360362
                  1.43866378672050498899
                  0.30247269127361209318
                  3.17682344712398112563
                  0.62570597090268109675
                  0.27683637304392616496
                  0.04297697131914741259
                  0.13077027832469959034
                 -0.29466690227615288666
                 -3.61349249105986780606
                  3.88344039233371640663
                 -1.58770035982310409040
                  0.54120042636668708180
                 -1.35349161358313718750
                 -0.50252129863989913883
                  1.22633738833550620662
                 -1.16008833375566844381
                  1.58125743281052044686
                 -4.01538351837152429624
                  0.27120879090661809130
                  2.84763098549634863232
                 -0.70165482864158212895
                  0.06664911397251287173
                  2.12382763555938991473
                  0.02156564003625010412
                 -0.42145872050699367817
                 -0.73283663100186224870
                  0.48433815871963137312
                 -0.81478157533295425541
                 -0.79618639873714514010
                 -0.81923538014004959606
                 -0.17121435344764104891
                  1.85620815067070910054
                 -1.12439650753582065512
                  1.53875446789403702574
                  2.28692461966024929154
                 -0.82562167557335008894
                  1.28243028279158433058
                  0.07863766086289181168
                  1.46056455018263409151
                  2.19854217218552072666
                 -0.24639068162661159622
                  0.03551072699562846796
                  0.02109914120105714497
                 -1.49072924539393691923
                  0.17092215546168371132
                  0.61165154905013918718
                  0.63323862604283165378
                 -0.11589052345367986674
                 -0.61094280554477309320
                 -0.25013024438532538429
                 -0.72280657186297769812
                  0.22088124390136446018
                  0.26136256344377417626
                  0.74298605424220942606
                 -0.44639461615467501687
                  0.56677366861417977084
                 -0.68892828386017401776
                 -0.38807671530391107950
                  0.96076524585016431779
                 -0.42508839918644375500
                  0.22485820745179657676
                  0.07988680182585199130
                  1.81003756788416447776
                  0.97564408210461484039
                  1.31230288315582033221
                 -1.84914399403865803428
                  1.40466135759631960411
                 -0.60739915042830394665
                  4.73694569326519498986
                 -0.12223594850952040902
                  2.17425786277648835920
                 -0.03795123257162482527
                 -0.93352849168137019831
                  0.36242399321957485814
                 -0.01523990675997620795
                 -0.55450353264401952558
                  0.18108737951074471706
                 -0.42709288716634763450
                  0.02321030560022409664
                 -0.04074328893793804224
                 -0.06292768604042817127
                 -0.06787009910119139178
                  0.15802916316248236117
                  0.55736427646157926663
                 -0.05759610671907969964
                 -0.08396439205872897882
                  0.44097182725751610244
                 -0.26885802323266833058
                  0.24776221991269886669
                  0.52385040525552473145
                 -0.64044986468123377144
                 -3.08649379831391046380
                  3.49356027736947982731
                 -0.48469374736488379796
                 -0.57898942219990912061
                 -0.13803621469019430879
                  2.14958754898894088825
                 -0.23396379080547377582
                 -0.24898960594303318206
                 -4.22350857403686053004
                  0.09328704723320931091
                  0.01987392304111492911
                  0.26502081844631314445
                  1.92957159490856433592
                 -0.08438471771488459394
                 -0.15556422786810844561
                 -0.13349937134450517995
                  1.59920467619796013992
                  0.63960655304133129384
                  9.35396991883752804142
                 -4.77433214112551596031
                  9.54010684356509486292
                -13.69115569882028893289
                 -0.84621863069305380822
                  1.00340790176355132424
                  7.27653827296574018391
                 14.32793824407692007128
                 13.21330397241901799532
                 24.05272023175889728464
                 15.40517234478791230856
                 -1.71144140840982061924
                  1.50471190328171067208
                  7.56705362978696083331
                  4.58454534502485522296
                  2.76606483050263785017
                -10.98403649743256238480
                 -7.72782889987878718330
                  0.80413280902877182221
                 -2.85051418712878268380
                 -0.55550462448686188655
                  7.78838526103465245143
                  0.12335725006837418294
                 -0.05433925651785653788
                 -0.65002536143571432170
                  0.50426486474539333749
                 -0.11803205158108326378
                 -0.08879058131609394999
                  1.14533635785995402401
                  0.13259451295582444508
                  0.22047358180979043096
                 -0.40335406899449571805
                 -0.15972314411728560923
                 -0.51647054490068355914
                  0.66305062293954553088
                 -1.10726704701971212508
                 -1.33486897416490823964
                  1.27646441503174745691
                  1.06779395197159887587
                 -0.61448743973120589779
                 -0.45052572463130396985
                 -1.39156023791012106727
                  0.08606660398012080937
                 -1.25650910797032211441
                  0.96918395984985716840
                 -2.09306765652224768814
                  0.04648930719973850406
                 -2.40741114763580466018
                  1.45343156192056510712
                  0.90117461826016664883
                 -2.61140139711352903262
                 -0.50808532301976216949
                  0.03510913638409820375
                 -0.54672691572905063317
                  2.66814206051744884363
                  1.50520558181415742283
                 -6.25664105736925257872
                 -1.65558326575182013229
                  2.37708173242266473935
                  2.36389713370752208021
                 -0.63580185093276631036
                  1.84973500299541893099
                  0.03966110533628128265
                 -0.44354092443439635529
                  4.12602992014180358638
                 -2.27630773148065879141
                  1.94014707403213426673
                  1.72492992629255903481
                  4.94536084180467749860
                  0.50979068953753625681
                  4.08530200626198691793
                  3.90448570924700710805
                  6.79279384819214637758
                 -0.15815240377498882007
                 -0.49718058303581447177
                  4.10205135349659855137
                  0.18397787153494385426
                  5.26555739786613674625
                 -1.58908408476654861019
                 -2.29714885636136800784
                 -0.09727731768624810205
                 -0.32547629405203765129
