3	2	1
20	20	
1	521
  0.2341960169500000	  0.1230964967500000	  0.2020200831500000	  1.4092060272500000
  0.2631370273500000	  0.1238466980500000	  0.2322884897500000	 -1.4092060272500000
                  6.25972331714354357501
                 -6.22735363568065913853
                  1.30929368934741607866
                  1.44438194925480356545
                 -0.12870513034615888026
                 -0.80900536015306212523
                  4.61946556367308769353
                  3.76163032200340907707
                 -9.92151938113717157819
                 -0.03426013434661914769
                 -4.09170620429300591070
                  0.79956285265368209902
                 -0.13256431669822915653
                 -4.19083543900659627468
                 -0.11349993353219815784
                  1.92362217284691472408
                  3.79008081096987847758
                 -1.56727924571668375542
                  1.55291649126393527247
                 -1.38648391883313504280
                 -3.41088260930263187376
                 -3.48290470051904632598
                 -2.66626208590035540524
                  4.38784351388462301458
                 -0.78337418226689714551
                  4.04480256712749675074
                  0.37524910198626404423
                  1.81537990148840089333
                 -2.78751714707622078038
                 -2.15426286567810487682
                 -5.34546219081594831124
                  3.09764776160249111214
                  1.58708612185066644251
                 -5.50550871508729944281
                  3.12939438595138774701
                  0.53055508388768513051
                  5.46182936311713795874
                 -8.41221054399932555157
                 -0.12829262090204976432
                 -0.54285269245446077235
                 -1.56784651738727376369
                 -1.23554543754162748925
                  5.89895103589930780430
                 -7.27892675182743431606
                  5.27797370353659367481
                  6.74588590407663346582
                -13.96615721253765762810
                 -0.37452668542401046370
                 -5.73352648409312148914
                  1.57213952579691995659
                  3.93892207000956240392
                 -4.49876520576943317309
                  1.05037099874136607980
                  0.14294240034422275865
                  0.53320886501655317957
                 -0.58421667483776940077
                  0.54482180103909161328
                 -5.69821325581708393315
                  9.26070582388642904448
                 -1.30544115179991759845
                 -0.12360429790356936008
                  4.55762626933155967635
                 -2.36015578910300805049
                  1.11928272034594900042
                  1.16369818954058135141
                 -0.06162130944898953910
                 -0.08819154393155712035
                  0.62394136184788184796
                  0.54296764931048024927
                 -0.41947188474326163599
                  0.08732243087620059074
                 -0.55144829192702193854
                 -0.08233268283295577805
                 -1.52934483421497957600
                 -0.29171575952571682233
                 -3.90176277540250859843
                 -0.70678388742387443511
                  0.32745836671683042907
                  1.96489305120725976650
                  2.12079931518116993061
                 -1.58247392982723344979
                 -2.36620506902776339686
                  2.09641250072668228199
                 -5.00924251409760845632
                -11.53007332341819157762
                  0.33441597915745502334
                  4.63525650685430878895
                  1.19119353153596918560
                -15.79590715169041459376
                  0.33419412317046909289
                  1.33612494044705210072
                  0.47661928703382611117
                 -8.15481418157232162969
                 -6.83241379098220580346
                 -0.66352007408482005513
                  1.80180209585600903388
                 -1.92506936667559536147
                 -4.05748436538792756068
                  2.38644288686176508918
                 -1.99996440200235992002
                  0.82869423843599454571
                 -6.95409072400062200359
                 -4.01344023798391447144
                -12.69506849379539481504
                 -3.37050277527651065412
                  2.40795317115690110654
                 -4.22659242644609101092
                 -3.69158946899728146462
                 -1.30154433268779667898
                 21.36780772914575621257
                  8.26585196207067518515
                 -4.93537578426959289146
                  2.69205729751944478068
                 -6.21927045798065414317
                 -3.91474031359616514436
                  1.83315481522354328803
                 18.58839341074624584849
                 -2.40745626233803866612
                 -5.60137936584433937526
                 -2.22987388338173486702
                  0.12980885059978714002
                 -1.84949581785000272127
                  2.14288886597715810822
                 -0.96434639812759626043
                 -1.30651369365878977646
                  0.03589727638029432955
                  0.07340772889436639193
                 -0.60806660166994574990
                 -0.57208351872817808648
                  0.52117971322669964795
                 -0.02526635592062142013
                  0.44706120960973683154
                  0.05319534240121567142
                  1.82493405054423885048
                  0.32288993634332263660
                  2.76682527311890380517
                  0.67457439160768750686
                 -0.41672231529992564969
                 -1.81006810624180292102
                 -1.93150429691032332613
                  8.89485877301319050048
                 -8.49364343636379715008
                 -0.03131446443949765374
                  7.80012340418197691605
                 -5.97292421459858857702
                 -1.43383964315519141230
                  1.63247540833691684448
                 -0.37430007673305115690
                 -5.34308757991681826383
                 -3.00844523602208280266
                 -3.10862642662555233031
                 -8.27853507435582791629
                  3.17653009803808616951
                  4.77984198675128535427
                  0.89240824753530101354
                  7.51468399503663864181
                  0.13733764890918295776
                  0.54611398470415506434
                 -7.27155033462380284703
                  5.53824662543579915308
                 14.34033646982604004450
                -12.42387835539720875033
                 -3.75252251970366490497
                 27.74766475948050370448
                 -3.45331517230971529742
                 -7.22324577797741529395
                  1.79386966946445425286
                  4.65917420743914245662
                  2.02091642938178006617
                 -2.25820130462956303319
                -11.50736153749436319060
                -32.59459957790907225217
                 13.10227060692514200468
                 14.92413305968738868046
                  0.61493320538600992897
                 -7.65013518539266090812
                 -2.53470638792827607233
                  1.44518243538236945689
                 -5.06454440879874567827
                 14.13841420521553438050
                  0.33085543107140774621
                 -4.53911883102623647801
                  0.57150854568531006539
                  1.93474506050950711966
                 -1.32249526100242209559
                 -0.70262879876825345971
                  1.99183684379031111789
                  0.05643333935225833958
                 -0.69197089257740107548
                 -2.70314997195232908922
                 -0.97094836217032709502
                 -2.57239056949507505223
                  2.02418552243858362871
                  2.22449711920757176031
                  0.36262429079144686828
                 -0.83502319661335966394
                  0.28536222000360816908
                  1.45305015671016279910
                 -0.23433467607789679188
                 -1.18167173359497201801
                 -0.49671836390700335739
                  1.25388659837744009806
                 -1.39279623114405337603
                  1.62453836366161707971
                 -2.44004504136192412744
                  0.34821361961257546458
                 -2.36609100135311400948
                 -0.53178465125192275753
                 -1.26931064701447349208
                  2.02756827496493263752
                  0.25849651074655782823
                 -0.61871766128883620706
                  1.67566200422005562309
                 -0.43074908526630606431
                 -0.54869587768110339443
                 -3.62082155714010189840
                  0.28712740091523991648
                  1.27487420773725479428
                  3.11011170834542971519
                 -0.36036399681651193339
                 -1.63770584074617575610
                  5.34079523142847367723
                  0.02718047995226765753
                 -3.17258836105336028410
                  1.10599289102873354906
                  1.13606050668939095871
                 -1.13542431618748773658
                  0.52201833777200812303
                 -0.30923092742316865555
                  0.31997190333184255540
                  1.35949017294802820821
                  6.06571046882686815138
                 -2.87579485418190383683
                 -3.80707137004133278069
                 -0.68691430957783561340
                 -0.48585286715668662971
                 -1.63060759881785588554
                 -0.68587231992483876919
                  3.10310344768935131299
                  1.09900918623439003419
                  2.82827778599533719017
                 -5.63291139010210706317
                  0.14164758914158373515
                  5.70281556276564227659
                 -1.45099999716913741210
                 -1.35631737980068778349
                  1.08312172502337000779
                 -0.66346832013474899004
                 -0.29751857789009811261
                 -0.80892522517353571132
                 -2.69963321174029546867
                 -7.68070597163871227053
                  3.24056081652513983116
                  5.64621927022787062356
                  0.75596567386220236973
                  1.08911763491092461464
                  1.74263911284404238167
                  0.31357140282368406448
                 -1.15364871819235337291
                  2.07821857120387587514
                 -3.55669127235045667845
                 -3.84892311614976501133
                 -0.13151518911900667019
                  0.52866005566150375827
                  1.16899626511918142135
                 -2.70233348436230524925
                 -2.71978246857205396836
                 -4.31844943452987184429
                  5.22523464114933577918
                  3.11187626666810901455
                 -3.58865522797119496090
                 -7.24009180400450347292
                  4.35858595035046114674
                  7.34232494430044635436
                  0.79630711691884759063
                  2.19364445629480098177
                  7.06545595358904687799
                  2.45714325530253985264
                 -4.84169079567056837021
                 -1.09067063628403926323
                 -0.27458492704657971872
                 -4.31267548378865406278
                  2.06689024729484405185
                 -6.28056682456816783855
                 -1.85620863842713657021
                 -1.43078736053049970778
                  5.44192964847028370912
                  3.09040523037551428942
                 -7.13206450067734554210
                 -1.96908738656687964941
                 -4.11860420353237000057
                 -0.72693123320552743838
                -16.21068422160045230385
                 -0.55825532556786261473
                  0.33570309693081595848
                  8.02675651414214108570
                 -0.14812633440886244229
                 -9.52937233939701400232
                  0.54374378432414383067
                  1.26393754297876248494
                  0.55069946006210401812
                  6.17061315320277170571
                  0.02749641550806470464
                  0.91373889888307580076
                 -0.04203798482567942807
                  1.67508192999855198835
                 -1.71141289497609450088
                 -0.56852380112400979773
                 -2.37329234717489256923
                  1.00385901901826080085
                 -0.59396372517798212698
                  4.05012822832736762990
                 -3.36135937686832164673
                 -3.78357727153070166892
                 -0.91672192386494377736
                 -4.56226850782668424955
                 -0.56293546117939641249
                 -1.49789073889508284054
                  4.13822443716975740813
                  2.76321251233719422657
                  3.96156882106933538878
                 -7.47181977225431559475
                  0.13006497810011008465
                  1.86761718235540241650
                 -1.74553312570878671472
                  0.73473331499227889640
                  0.67129457882025900251
                 -1.54973760894910572716
                 -0.98333418430783459119
                 -0.70852660734739858484
                 -6.23776594178048515715
                 -0.34111869635028085890
                  0.03207767316703302035
                  3.87058655712890997691
                  0.90809471617766823748
                  4.46533721507123715355
                  6.20436132655662664348
                  5.08488508514004866612
                 -6.84584032608380343987
                 -2.13601551867991990008
                 -0.00856864143761397988
                  1.90807379800361576194
                 -0.85176098847227910138
                  1.96237615513322705141
                 -1.12189316405811378985
                  0.23702871480336687449
                 -2.24406623365597024389
                 -0.45528714637435141466
                 -0.43877687414102573005
                  2.30182392989099326996
                  0.21215112025873100743
                 -0.60443046749967255238
                  0.77024175805347327994
                 -0.69632699959283173019
                 -0.34876781475154589041
                 -3.48779615143383514564
                 -0.01133957319672283456
                  0.87475028744310479034
                  2.83480430232500912879
                  0.45519596523182304093
                  0.12511845080393893537
                 -0.78961571874677372040
                 -5.51089312676584253126
                 -1.49533582844763257569
                  4.63095885706379029045
                  2.44016962352285959881
                 -1.21358238480821212235
                 -0.40451737179597119232
                  6.08070724068149459640
                  2.09875741918476155234
                  0.68778325416936225700
                 -1.45155644085830837220
                 -2.74592115742946329959
                 -1.92260584991703753488
                 -0.36009888831103065154
                 -1.32652373273127799358
                  1.00399877151580918522
                  5.95902535735010108198
                  3.98200671611242507097
                 -7.23541889073365851459
                 -0.66947932171511270738
                  7.18682569962030459720
                 -0.73769210726772649345
                 -0.77344986518121849883
                  0.03824264598655303243
                  0.48897866251986643604
                 -0.72702365881843789008
                  0.87135674422007458606
                 -1.81487072137527682969
                  0.76073582411176565721
                 -0.05036407794208768579
                  1.95370332025424731093
                 -2.92674312648045287233
                 -1.43106788960976838432
                 -0.22791058561257021564
                 -7.50760140359062688731
                 -0.52399804466423138827
                 -1.88169134017841876982
                  3.60981571126740963251
                  2.62863054978583887689
                  2.85956493694229108016
                 -0.79801655276443062004
                  0.40859672072992325731
                  1.14025824525658525666
                 -4.21158154937181716804
                 -0.71262582417160114101
                  2.12398538363574695964
                  0.42653035997690486036
                 -5.51667861771556999884
                 -3.97244617709352754176
                 -2.81913496405439278902
                 -1.61009118487679092624
                 -0.33259781740168298247
                  2.57883878754991124893
                  0.28030072907837427776
                 -0.13769335506526164670
                  1.15425302717885736037
                  0.23881385135766719507
                 -4.08216535735382457517
                  1.65043917563045794417
                 -6.43188248684152963364
                 -4.30920113394535686524
                  5.31231442695875788473
                 -2.18726317351550081369
                 -1.79039384329756923186
                  0.83113624997470136879
                  6.97994566653828041325
                 -1.55152057272939947197
                 -0.47485025493667176733
                  2.26048702143499413708
                 -3.70202157386682362272
                 -4.39468590558157856663
                  7.49514382853359162340
                 -4.48705341526963419341
                 -0.20135385604914568525
                 -2.31997769402282605355
                  4.90738717374701405305
                  7.15203208435540727095
                  9.13317087351542333806
                 10.40805813160038795218
                 -1.47652925998023798471
                  3.62115666198300756307
                 -0.33044701003239285164
                 -0.52459907881832945620
                  0.27505323203868559112
                  0.46341392867504649367
                 -3.41323948916335284665
                  1.03823191490582433794
                 -2.07689611446460409283
                  1.14390234738783935775
                 -0.32328328700199127077
                  1.38447062475068105591
                 -3.29886665627611241902
                 -0.21144467506796787992
                 -0.26118658738847544409
                 -3.95662705846561379985
                 -0.58349176270810765299
                 -1.91870358022453446623
                  7.42302230671648022309
                  2.13232239286527880395
                 10.52191205267039819660
                  6.15180436360532745255
                  0.47078456842733251708
                  9.77335400961511702178
                  8.13443919142250670973
                 -1.75796394826142310386
                 13.25687540907376416044
                  1.36655348066049153744
                -10.31123395784282692489
                 -6.46849886881009528139
                  0.11957888811928861494
                 -8.75052503679717830209
                  6.47631485639193815729
                  2.95563435704792309977
                 -2.14641366539577393979
                 -0.12497039090420836160
                  5.21368982875140130062
                 -7.31841511632529151399
                 -0.11072573332584145778
                 -4.74451141855201363740
