3	2	1
20	20	
1	521
  0.2486650322000000	  0.1234715974000000	  0.2171542426500000	  6.8680674011499994
  0.2486680121000000	  0.1234715974000000	  0.2171543302500000	  4.1364984123499999
                  0.04896433196769013618
                  1.46562218053884674163
                 -2.28606548225810302100
                  4.30302290327151037985
                 -1.19015132658837785584
                  0.40357747239504376813
                  0.22661504358196707387
                 -0.26550407845058321410
                  2.86716939973620732474
                  3.80482690186223893036
                 -2.87426279560655872913
                  0.85268919200027593064
                 -2.52499174247336100052
                  1.34291931859924829062
                  2.01168786522300990782
                 -1.01047412603559716437
                 -0.75267920085524997464
                  0.70705483084666642668
                 -1.80748048488580836946
                  0.40974558848924880206
                  1.69138335778335924253
                  1.92304842843487389104
                 -1.40630685590044302025
                 -0.31483786608051994582
                  0.20550508214686888375
                  2.96048637953034532444
                  1.58444535007149678307
                  0.69207165738910036978
                 -1.84335880349896163999
                  1.52938035535962368883
                  4.16894614379579042662
                 -2.45526514825976027723
                 -0.36775690844036351690
                  1.92031989987865303604
                 -1.72576162306036362537
                  1.83816822879295971305
                 -1.94185045642205866834
                  1.54703068943233290611
                  2.06030212048748051501
                 -0.76917881880515903692
                  4.35616880194128608395
                 -1.70676593983769353535
                -10.01948783704536793948
                  1.21014179979140767962
                  6.43975385537678857162
                 -0.62643542822950704085
                 -2.12512219131315260867
                 -0.60832612729413648722
                  0.55199175846827075453
                  2.75682657571828304555
                 -0.35830821611982760500
                  2.90883831288969352258
                 -4.26290426628068619408
                 -0.44317371562669133356
                 -1.79078965668095180241
                 -3.17341101839666883677
                  2.64687579523401028680
                  0.04064393852918093963
                 -0.29107078496207450247
                  2.04599992754074166967
                 -3.73289798925124260975
                 -1.40793411127563761198
                  1.57929149986117423055
                 -3.16124637766137972505
                 -5.18211261272700607350
                 -1.33482714846288152977
                 -0.28299284515861639067
                  4.32611905586602762952
                  0.69414350496272281266
                  1.49326463133304154773
                  2.78035557510583641871
                  2.81571076801557085290
                  2.10880405014131344643
                  3.12365118550679232712
                 -0.13920668573882652441
                 10.89243053840005437394
                 -2.10349941494723235991
                  3.46684882639085101275
                  1.47971766749466548951
                 -0.92389919906215622891
                  1.14317377121787755456
                 -0.73355084912806989283
                 -0.42084816607319225357
                  0.75800734944604108989
                 -0.94697793656717854649
                  4.40853613154741363900
                  0.20721613593291043909
                 -0.89670999447164556617
                  0.40054005369453299368
                  4.02064178695603757774
                 -0.96125073112859826807
                 -0.16526164601724374625
                  0.22161903868827981245
                 -0.26515193702684403121
                 -0.48017903907142772679
                  0.65372554863776510814
                  1.09240373517565814154
                  0.30753233386392669901
                  0.41987618825799755129
                  1.80914203328390876813
                  0.46397546711927484253
                  0.47819469679132292628
                 -0.01795020160257121411
                  0.37230887271189533339
                 -0.11079768618058555285
                 -0.16776218373366325043
                  0.24482360541897629780
                  0.40048283485464075682
                  0.14447064863619507591
                 -0.05033250756833881900
                 -0.29147164096670347133
                 -0.11885566481998521837
                 -0.08086802668642135983
                  0.74761246059006358777
                  0.19241780052145412983
                 -0.28338775828661866285
                 -0.32137770182613140113
                 -0.35224382437213658248
                  1.24984703635278471268
                  1.27634001431772170498
                 -1.30164692505948420553
                 -1.97938362775081522216
                 -1.79359917573067817465
                 -0.27946178146070804749
                  0.18592811943451675871
                 -2.07833337649556826321
                 -0.07515580667304962159
                  1.56729779943621361227
                 -0.56047048153831491302
                  0.28345810180976438453
                  0.60218262090515262130
                  0.16944761062032581700
                 -0.27822129000538597943
                  0.89065633988470127580
                 -0.77435096138511472219
                 -0.66877528848268397166
                 -1.56948625571752864438
                 -0.32348587372483683655
                 -0.24733462672526193571
                  7.96310612623410385424
                 -1.53184821429175799246
                 -1.58123810894125993443
                  1.59055749980139382593
                 -0.31326568169260055052
                  0.14084690200310281960
                 -0.03993060742738682722
                 -1.53263749846998953430
                  0.48578799887743356889
                  0.08235987261452654140
                 -3.67247333748769477779
                 -0.05572860059599905880
                 -0.47963461337468804579
                  1.27190962554056308242
                  0.13216582127923040546
                  0.87454695890541600534
                 -1.89383493034409844391
                 -1.73186138398569555719
                  0.28217632843433443357
                  0.06210486150687638540
                 -5.38753088839118454700
                 -5.87576087480735598234
                 -5.30123237005858882753
                 15.39022701813190430187
                -11.51968227730955085519
                -20.76694661672979336231
                  9.77298213849789121355
                -24.23271841761474121313
                  3.81312546938106855521
                -14.78746225909979905566
                 19.66999821299785367046
                 -2.46327472230222488392
                 18.93242466333089168984
                 26.51172047757157912429
                  6.09665772007708817171
                 -0.02987104369559404060
                 18.62721153441893306990
                 -2.75244554205555180815
                -26.19455236033977385546
                -16.45543146392771305386
                  3.21151874367498191276
                  1.80181278177267656382
                  3.56317567592936956800
                 -0.26216619247115513502
                 -1.21525639458096490486
                 -1.72388097097496739707
                  1.14807470031629721419
                 -0.66898528006455970640
                 -0.29700564791801370434
                 -0.01112084156529920091
                  1.26094101239814349036
                 -2.69614460581133030814
                  0.40268304242767727352
                 -0.84631255393958393363
                 -2.00919340800511037060
                  1.24470823560928001150
                  3.08302837407365792899
                  5.21974462679252937392
                 -1.18786053511719291720
                 -1.58588113400744457060
                 -0.33516948113508671092
                  0.05690164212393696019
                 -1.95348765816659075689
                  1.53627567087303495974
                 -0.62116330534104402528
                  0.82368371274429275086
                 -0.94424164782490194181
                 -0.28517261463150772594
                  1.34165276032626223923
                 -0.24698667677029134682
                 -4.76702842756326816698
                  1.10479485661296172871
                  0.04489291062068279103
                 -0.54703874725925627498
                  0.28300817437645009456
                  0.42591279078804028524
                 -1.24942038461696691698
                 -1.32849333669677438508
                 -0.69150523958331699959
                 -0.22955561913719502165
                 -6.51400492060851732390
                  1.37654536791651649352
                  0.94665670713434391104
                 -0.88188169326642285029
                  5.58239475142780339212
                  3.39131063367178375856
                  1.81256877049306197591
                  5.95760739607951705921
                 -0.58314897752727912206
                  2.60222573673111812198
                -12.52987319082047079633
                  2.29238324914319058223
                 -2.63841935976239039263
                 -4.44144710276681031758
                  0.99496234921632931147
                  0.28536989535095325099
                 -7.98784952537536607764
                 -7.73981124094616390607
                  4.68927848041532069345
                  1.24962747292198206317
                 -1.65539445108134453122
                 -0.34417896170789452626
                  0.43013927140792085346
                 -0.53601563256343165431
                  1.15447443340789690502
                  2.34185008076351408590
                  0.03495474274743689408
                  0.37223163630056793627
                  0.22460901748939327005
                 -0.17566796550520738518
                  1.46514892498540749699
                  2.70148718326951575719
                 -2.88760052122592503210
                 -0.50286569798206137705
                 -0.60901322084708509053
                 -0.14595380641570243618
                 -2.04614083367780397182
                 -3.92245187831867481165
                  0.69821357191904553918
                 -0.69690856312426374686
                 -5.05462226074727283276
                 -0.02599681020544046886
                  2.41323582343020071050
                  2.21316648229166368367
                  1.65609520916251318212
                  1.54953669681347938614
                 -0.78210513578726470474
                 -0.47594165182791603463
                  5.05596677532643745678
                  0.52761445658542316384
                  0.30145156492285035688
                 10.40094065477414986276
                 -0.57982048528993179737
                  0.78020188423338643346
                 -2.57351626525263288414
                  0.01369295622137617005
                  5.16790137503339952474
                -11.17199733695534824562
                  1.63089994486578571120
                 -0.74681789228120187829
                 -5.89689101419557193395
                  2.11404111774040082139
                  0.27715069622695898133
                  2.45401320682418644381
                  0.09331000665786827464
                 -0.09308732597960270305
                 -1.60875011002372292346
                 -1.00542896548176274862
                 -2.34554250358490978812
                 -0.24464236715711426551
                  2.87013532134045545874
                 -1.06488232464896470653
                 -0.06804212796911253414
                 -1.34558544774772781416
                 -2.03067197349390538008
                  0.30049185066807237998
                  1.32758606472276508015
                  2.35301328150773292336
                  0.57425652324417431061
                  0.86374632622759905942
                 -4.34673378254516684649
                  3.81085751470805833563
                  1.53572126604652225978
                 -2.72292535825780213088
                  3.16113061990545407554
                  5.15196106323956293238
                  1.45493742435387729550
                  0.35606326364947693541
                 -4.25396084212099356847
                 -0.65463885167440738488
                 -1.64602804066096153335
                 -2.75785115644397338386
                 -2.79729054328307391586
                 -2.21151922470451722802
                 -3.08652065182642942887
                  0.11645260167745950797
                -10.86462071947322627352
                  2.12581581268788566419
                 -3.48979109786567276430
                 -1.39112459928638210194
                  5.87123183246733049145
                 -0.02823836414520577293
                  2.46168772459266849140
                  2.05502311842495677396
                  1.76852165706043384930
                  1.56032005856783517750
                 -0.98382149265704543772
                 -0.45458609798060634066
                  4.80006499620194038158
                  0.49559721620441454792
                  0.23162536144374853975
                 10.39387819515025057626
                 -0.57660982645240188571
                  0.81292424483862557594
                 -2.61087905602298775420
                  0.01907985676468670205
                  5.09144223509293514240
                -11.18471760966653327785
                  1.77869881518735106773
                 -0.83669632126073756329
                 -5.17378375759627751052
                 -0.94143638825325348662
                  0.82881624797815023342
                 -0.66463109104585904596
                  0.24118258244782894706
                 -0.11053357853283696244
                  0.30659118406361823839
                 -0.59617280483874590669
                  0.56358927660346924693
                  0.08680816691628107096
                 -0.18889219636705031902
                  0.26153953274614250013
                  0.33245698834908449237
                  0.56763927554205906301
                  0.99654203893426540617
                  0.14866081968235678179
                 -1.03563156365740360876
                 -0.66430876449147591156
                 -0.56987184956784930900
                  0.74477708858110014400
                  4.09496917051344500038
                  1.24552888976275144550
                 -2.05175748149552239497
                 -0.38886753372646015725
                 -0.69238067541538428351
                 -0.47610231854979262467
                  0.66214061433757243069
                 -0.82343332900726884382
                  0.05753069334291396886
                 -0.24308136589431289520
                  0.41682656976953452732
                 -0.11686143474325202951
                  0.27499567695204429896
                  0.56072373102696859704
                  0.49808520057408245396
                 -0.13298852913936601294
                 -0.06048538264176819834
                 -0.02614967449219648271
                 -0.82438817972930311662
                 -0.01391084752349108951
                  6.44319849132281952109
                 -0.48336159137103118510
                 -0.64730383949358660800
                  0.09575445294602417945
                 -0.01944891452072068996
                 -0.08968595965219315624
                 -0.16330783533850970479
                  0.20843354698375607392
                  1.13157872398067937958
                  0.17636456132625266680
                 -0.14213891745558077107
                 -0.28102698748402016315
                 -0.14278257289357951243
                 -0.18519106799601067759
                  0.62982984759362969918
                 -0.14952581143367113525
                 -0.36281765448448011213
                 -0.41907108455863051333
                 -0.34468181973109646155
                 -0.63552545161204998525
                 -0.75249822898292118012
                 -1.02257495568738532299
                  0.06689029431011943305
                 -0.25649184001033914493
                  0.41998568824528753618
                  1.35073476775034184705
                 -0.91351838538204699347
                  0.53663864840457486949
                 -0.03914909064031955183
                 -0.03685892113402562675
                 -0.04690498493544401071
                 -0.40631962096630969139
                 -0.18738226965506726840
                  0.26021887339545979323
                  0.17632459519222729027
                  0.25511934796598195740
                 -0.13059776682559870453
                 -0.44575916336264503892
                  0.05135466109004137303
                  0.50272191892664574997
                 -2.83877182625346913269
                  0.11197072310312623789
                 -1.07730183667669021652
                  2.28498861061049751697
                 -0.68222325015796414505
                 -2.29954607921864395692
                  1.37371268556089232149
                 -1.50731129779041395089
                  0.04253014705596857431
                  0.07295079773919221910
                  0.80262895608155115923
                 -0.05428949860078525341
                  0.53325797888982318096
                  1.13058057250627053136
                 -0.20464443086375677661
                  1.38815983081436966629
                  2.27698165628272830574
                  1.38166327174681402568
                  0.86478475803522392162
                 -1.58082592461560844654
                 -2.84661580617532861126
                -14.40680368190418114693
                -16.52571957045638484374
                 -2.29001088700129962206
                  4.62208815710546971900
                  9.67966970852098107514
                -23.87997054086230974690
                  9.75267620606214968859
                 -1.14227746141023533966
                 -1.58858311290435971763
                  3.82893466567436480119
                 30.62074901482145605769
                  4.43595894252204203667
                  0.93101777563880583344
                 -4.14418469747155437943
                  3.92057929984801356582
                 26.14260659499706918041
                -27.77957338807607001741
                 22.25496310736423666299
                -11.25657914031493511686
                -19.56626639071043172180
                  3.99492599143266335915
                 -3.73703529892969044113
                  8.46463699061999541584
                  2.36317924361355302665
                  7.81854026607003405047
                 -9.53936896102018216936
                  0.15177400426998310934
                 -4.14174235123694245431
                  5.77530878737995667649
                 -0.62889681728841695385
                 -3.96909633823150054255
                 -0.42573882473359214718
                  4.05189138587724517748
                  3.99045405312083323324
                 -3.10150275033148181691
                 -2.86151015002908826190
                 -7.22022320124307537270
                 -5.86922011763348905333
                  3.09221270440053697115
                 -8.33237414159466815988
