3	2	1
20	20	
1	521
  0.2486650322000000	  0.1234715974000000	  0.2171542426500000	  9.3605792071499998
  0.2486680121000000	  0.1234715974000000	  0.2171543302500000	  8.7890803620500009
                  2.45294493220905218678
                  0.30199170544522063730
                 -0.65549581882847651748
                  4.91834340357788146747
                -10.17969215883961808800
                  0.02884193618160177733
                  9.05606742363372774207
                -11.70463399756541100771
                  1.92734972155739336941
                 -6.91296231200251121152
                  3.86036503658191243460
                 -6.73284576910042087405
                  0.86947771486310942990
                  1.24779007338363689961
                 -0.83967903760721940287
                 -2.45881304092262631400
                  0.83417434502329435020
                 -0.67334610872056677167
                  3.12046875954040459078
                 -1.70662000436711136508
                 -0.26994370518179650054
                  5.92707938293354352766
                 -2.99274387171445255262
                 -0.04302049297084523799
                  3.20995760213178993325
                 -3.17929378799015927015
                  0.46282848758196404315
                 -8.17490038639207128313
                  3.02713959660644560401
                  6.31500742676765369765
                 -3.41362286013640625626
                  8.20433757068646407618
                  0.65617849891887380931
                 -2.07506774357888756910
                  0.57076463035196800533
                  5.66573322034272841563
                  0.39614493388233046334
                 -0.72530761378453789678
                 -1.65214616371400313533
                  0.05218550911385750474
                  0.91849347011253235085
                  1.36331559835588245200
                  1.16808281853688078478
                 -1.64673960001704666745
                 -1.54897902361518680081
                  0.66686208764684207217
                  0.29459349444887028557
                 -1.72096271534465516950
                  6.68787842972934942765
                 -4.08949984289678702964
                 -0.11162734759202533330
                  4.08989009699928107722
                 -3.17739387966150621523
                  0.00978928519852623712
                 -0.63591452121078906323
                  1.73771525769609058720
                 -0.60486083713237726034
                  8.20089155795911040059
                 -3.64357013729029333149
                 -6.29716366786473713546
                 -1.01513926546355226499
                -11.96035794441405464283
                 -5.08108033065575348530
                 -0.43328129675283127975
                 -0.94084524748385711668
                  3.93313183272821920156
                  8.45777711812156240967
                 -3.15127794102821789934
                  0.78436617480704540206
                 -1.24505223904205175600
                  5.36086992891557745367
                  1.27188510763965734185
                 -0.15614391196725993516
                  1.13892569859444869884
                  9.44284888464690475018
                  0.09824515308451249596
                  0.25704548700784718429
                  9.54257927046445075803
                 -1.30097972551495577598
                 -0.70066622183413296288
                  6.40972507468642849204
                 -0.09383397501757111125
                 -0.53448835786248394264
                 -0.17191277940809937541
                 -0.94902362854032651374
                  4.67370080628701867198
                  0.20090629469299431387
                  1.29021184314986592234
                  1.31442843014514543221
                  0.54474005539680359078
                 -0.06141476010873404834
                 -1.55498328674104624447
                  1.18569265073860541371
                 -4.91321539449334920846
                 -3.06310013227378563627
                 -0.56957521432728341892
                  0.42358582935427846472
                  1.55345565969758214742
                  1.08706153496070623277
                  0.17461125183209663669
                  0.27824509055267343527
                 -0.48927278788619299466
                  0.84607437104056781862
                 -0.29337610131007230141
                 -2.48184166581703724574
                 -0.08035379344934066859
                 -0.50045153445382006829
                  0.22778199036255850074
                 -0.68771562984895284742
                  0.22249883105372442182
                  0.06160729816671568077
                  0.01579055373885434113
                 -2.43680408882843035911
                  0.34420199396291745186
                 -0.09344186012204296066
                  3.12023807779546213936
                 -0.28893955625491379857
                  0.91040034117121626522
                  0.78527156666225483850
                 -0.57881862512945758681
                 -0.93391780737649732202
                  0.08259727960209997666
                 -1.64020978182630527975
                  0.19623407713912627282
                  3.39992437235093669656
                  3.27301765635938224364
                  2.29392619237934436427
                 -0.23130185687831711361
                  0.36241399474835278571
                  0.04403191848190955021
                 -0.34566818509663926884
                  0.38085539711431387611
                 -2.55940784293256484716
                 -0.51972630387829343857
                 -0.64000673939227981091
                 -0.42548422045415862369
                  0.22442353107295232029
                 -0.14931769761971419586
                 -2.62809329472745423217
                  0.53793711290982837436
                  1.02433824457060218549
                 -0.08243520714828578289
                  1.00758718242591260861
                 -0.12054027477401299540
                 -1.18661319095131712054
                 -2.42805867454926094240
                 -2.43275589682584447715
                  0.57130113233748069934
                  3.33795269699830088328
                  0.37675785838969721997
                  0.09940072096667487700
                  0.20087177181579640717
                  2.32634808269494541833
                 -1.92708584824441819805
                 -1.95617738300352272951
                 -1.36168803916285119371
                  0.07409206920739989932
                 -1.51395827778316216516
                  4.35154563919767323199
                 -0.20133535571626681726
                  1.01886174047673594423
                  3.70951849945542155851
                 -1.53852625179653790255
                 -0.17232353123998472855
                 -3.14738361744868910819
                 -0.18083438656669981182
                 -0.02005879440184425710
                 -0.41760764914657055868
                  0.12520211617520116132
                 -0.74448785894302760280
                 -0.38977622937280048676
                 -0.08056422731964554829
                  0.79036124527289586261
                  0.83009963940104147806
                  1.89655056195728799473
                 -0.27400000683297454085
                  3.56423091439783235046
                 -2.51223268292365942145
                  1.96371429040263367760
                 -1.45988123658180413145
                 -1.48154367710784362622
                  0.00171639185538268401
                  0.01886580048252934141
                 -0.05042262761913082758
                  1.14398566373155841092
                  0.08448269969819528769
                 -1.91478720862716755846
                  0.43713859870126087204
                  1.09515036971226331630
                 -0.17814314101588207828
                 -0.03317956985797484298
                 -0.14027259764126676078
                  0.30079876636661528888
                  0.23667090185378897305
                  0.19032889514504358619
                  1.48712193039700690811
                 -0.15323536910691676338
                 -0.95509280470745550051
                  0.65001885931590919210
                 -0.17087695067112107505
                 -4.08699736838409499740
                  0.01876027911843311177
                  0.50241239402645676559
                  0.15278250271004090166
                  4.80676828247074450218
                  1.03241379002800393039
                  1.87601722625577860271
                 -0.73685982946567152307
                  1.25103507284345427664
                 -0.55714784726443877805
                  0.58419049192579552976
                  0.81136017590077424977
                 -3.55690890347026922313
                 -2.08092702009053587275
                 -0.97028098618787628205
                  2.25962825011349544013
                 -0.59993839036203067128
                 -0.61807730354691925445
                  0.33891798973292347474
                  0.07564149111041423845
                 -0.02293206896799019137
                  0.14920762575968665731
                 -0.10757040821974096778
                  0.03121507089432697113
                  2.42441648751900595826
                  1.06774281052120656454
                  1.91890398189032773679
                 -0.65354031732085693385
                  0.44979805657747395919
                 -0.51708862716082004685
                  0.43625428936906091026
                  0.54270081009540593886
                  1.21590528838661215971
                 -2.64662210182996560093
                 -1.58080961346186654737
                 -3.21472210582314810168
                 -0.02055015745191433180
                  0.05130202527646285371
                 -1.92085306994859128515
                 -0.23352218913175323833
                 -1.85228796201589163140
                  0.05624373035868210358
                 -1.40827666304700360733
                  0.43981039614072986454
                  3.61315554482456491314
                  1.53445654118414109846
                  1.50722112922197859497
                 -0.14148722701193644502
                  0.21394585039556968109
                 -0.30706551686358318776
                 -0.11553307838571627575
                  0.05428217052882822191
                 -9.54208746979478661387
                 -0.62838590105771530148
                  0.10221663159169813717
                  2.94202434333276263700
                  0.29027086041554045481
                 -0.63165926049347831395
                 -3.15613581366529682981
                 -0.97984928671701010394
                  1.11604292071346389292
                  0.00754702934765125698
                 -0.05199336825447988669
                  0.11586813305504703453
                  0.43957504507510886116
                 -0.75997613503596939122
                 -1.27930272537716671621
                  0.29397488696929507945
                 -0.35214893066229863150
                 -0.22305351696106734405
                 -0.23429617145118442068
                 -0.08984856225451789968
                  0.80208571469802836251
                  0.07062026006988082749
                  0.51177971879294636981
                 -1.07217746385776724338
                  0.26141735238528979179
                 -2.44141880433960833940
                 -3.20631224666435343806
                 -0.57323077586408288653
                  0.72844410909723644743
                  5.02982713565890371399
                  0.00326899331774889099
                 -0.05171272056275329904
                  0.82801165380984298459
                 -1.08668794035339089099
                 -1.17482548299809197445
                  0.49594565804197238146
                  0.55453974461377442129
                 -0.53713478027523431368
                 -0.58795039104291513254
                  0.06400335002609064405
                 -0.30945836039255286698
                  0.46488921111270259390
                  1.80183335054234450290
                  0.73924676839741665368
                  4.70226659147954340057
                 -4.34516120485797596729
                 -3.41874296822541667851
                 -0.38952444042851736006
                 -1.62445618331293539782
                 -0.00641305450471023851
                  0.07793826591482798383
                 -0.11923328614671023506
                  0.12574848470381727594
                  0.45428253980703575676
                  1.07757487945401186913
                 -0.24566190622379560637
                  0.44623878680076278780
                  0.24177076598832047960
                  0.24309849267442595888
                  0.05374287523095540309
                 -0.45030491205179368208
                 -0.00562273110154998344
                 -0.50571735512265003631
                  0.34135941314358064780
                 -0.29062722722305123213
                  0.19347937466864870149
                  2.85974918230853614176
                  0.65380239959130614924
                 -0.37673666383452286688
                  9.56049500396925644452
                -21.23910003846705407682
                 14.56027865124180564749
                 -1.48758369551810121223
                 -7.50243844715934304901
                  7.31457706285585285144
                 11.39580101191247329950
                 -0.60483494127942993845
                -16.60194246697814790537
                 -9.29307376293127163080
                  1.51567082842902478568
                  6.01801770511391520557
                 -7.24598599088514916389
                  1.80761269739104379894
                 -5.00396623542972474041
                 10.06993760254861669523
                 -8.72935240671483292374
                  0.20044375791225380046
                 -8.71148121366614525130
                 -2.76118685431905275252
                  0.57781357893361284805
                 -0.46924894160604424531
                 -0.10665799226465982885
                 -0.16842961006886747466
                  1.14756461638637241585
                  0.12462236523361157337
                 -0.07142951995123340836
                 -0.97986134427973281547
                  1.03078924473765098924
                 -0.15312351087776601699
                 -0.22411060500756468938
                 -0.91894967018217332821
                  0.60166362367061332339
                 -0.44449290313035938471
                  0.77041549009692456007
                  0.23440378570210596010
                 -0.00963870096450729699
                  2.64579330538948997997
                  0.04885018980285155132
                 -0.11852607057191034967
                  4.89402119202510910156
                  0.68088488629342114322
                 -0.07167997589103966560
                  6.53663967868283624085
                  0.24719309366013425544
                 -3.44850320817687538977
                  1.55316708824893301433
                  1.25963611162865096738
                 -1.02158764806738222575
                 -0.65573793148751824411
                  0.23924428846542056259
                 -0.30579275495741303770
                  0.43501409203626195676
                  2.57478239320623192299
                  1.37224696005708257651
                  4.99211757606796346920
                 -4.80726377969673457358
                 -8.44340378450897688367
                 -0.52102884430235363311
                 -3.15896497988938040891
                  1.29935812480371959410
                 -1.25527140665162018074
                 -0.04237012162815754351
                 -3.19515827735268853615
                  2.63759411650822839235
                  2.03484600190615472215
                 -0.86223804778905932533
                 -1.49631905908130136140
                  1.27749956870340919401
                  0.30643073569380469001
                 -0.17912319056844261400
                 -2.86373003741814891043
                  0.38924445277273717059
                 -2.10908753784372748896
                  2.09478503891963008243
                  0.35054824961844244235
                 -0.57002691983621345262
                  6.06414777791400361195
                  0.33587340920582398063
                 -0.36706184636229327589
                  2.95400418061143188453
                 -9.08368872638226676486
                  3.81181416962141472737
                  1.82373960588364392166
                  1.72795895488967832243
                  1.09542803651344611282
                  4.11539439164379849956
                  2.34591627143961689583
                 -5.78506703890233620058
                 -3.68854437075640184673
                  1.27321936804035229507
                 -8.85208892442647155008
                 -5.27583159229886256014
                  9.16962686022542072806
                  4.19377389510780496096
                  6.64014345224926305633
                 -2.00911295923235000416
                 -2.22403023336047578340
                 -3.43578935750447733710
                 -1.91512245621785437422
                 -5.13829906584473228293
                  9.42662457266362174835
                 -2.43630665314848959824
                 -4.03478187823169776038
                 -8.26668231953728138706
                  1.52507209611407490435
                 -7.56555966348063080318
                 -0.06276496471685796830
                  4.21395276015894904020
                  3.47966492584633124707
                  1.21368930614519454636
                 -3.62003630144707777561
                 -0.47200148882807163586
                 -3.46122786874928234369
                  3.85602425548468064065
                 -7.62817468241324281308
                  4.85209147599174883680
                  2.23838744700132696863
                  2.88659352148068881760
                 -0.73700314496043684009
                  0.18436674580526063449
                 -0.95752383915305139261
                  0.08731378740232048630
                  1.19848637535250057695
                  2.45977156185197642912
                  2.34339110371287606682
                 -0.57002565059447340978
                 -2.89291247657898464851
                 -0.43148330231253850808
                 -0.10748209623209026287
                 -0.19824845193737206106
                 -2.37491308399086920033
                  1.89292946336206813207
                  2.24287950354786502771
                  1.55761943835322402840
                  0.01905204359752057930
                  1.16710590810352310420
                 -3.91276064043448945640
                  0.08067430245678797185
                 -1.90783101933511223258
                 -0.04852395368341733822
                  0.53809910332152555146
                 -0.83929741780511302185
                  3.02458491720382305346
                  0.22390634282125196353
                 -6.21344238660931758034
                 -0.89017054377224291706
                  0.51299192356634804035
                  2.04784262952180373674
                  6.10984192207273490993
                 -0.74312048849806255912
                  5.34746520294566174414
                 -0.01943207418408672213
                 -4.42897181892844304940
                  0.59026438449827156596
                  1.27145316018106635525
                  0.03636026377493231654
                  0.02930887734293845942
                  3.99915581885578541588
