                 -7.17052114834825893297
                 -2.85710361626896247600
                  2.16754975182846942872
                 -2.59541726757634805267
                  2.99498357114101487753
                  4.46329149715758877193
                 -0.35681193760453505659
                 -4.40673070994117033194
                 -2.72085238765602177580
                  1.15309912193570451855
                  1.76508953463625739566
                  0.67647705055463391854
                  3.00868399170230960138
                  0.77891436476194853000
                 -9.94802472612724386636
                 -0.28875206572253497850
                  1.29575984798198096115
                 -2.00447115286068155982
                 -5.87147147929353785401
                 12.75139420371220921879
                 -4.50399566666894735079
                  3.70264865472605420038
                  6.74995963748139349292
                  4.41054810089403215301
                 -2.32678239656244567612
                 -6.36372271082315776880
                  7.29743182740423090848
                  2.09004272771341748083
                -14.41133717574728301258
                 -2.89558552016121595329
                 -6.25007538296246423215
                  7.11137598581496632733
                 -3.27715970298612413458
                 -3.65581910649094554699
                  6.88159736044592307280
                 -2.95013187853331837474
                  2.50384842232653825889
                 -7.06368010784715405492
                  2.40035252327205927969
                 10.77381282316627419959
                 -5.96581004244983414964
