                  1.52826022844728215411
                 -0.65294022986488708948
                 -7.13365637645155725721
                 -0.45340077366928749347
                 -3.57920894724282723232
                  9.45167398621114607238
                 -0.70410357492908581811
                  0.60456399871007726610
                  4.20336101855086585743
                  1.00315896251989955523
                  0.74998897382590823391
                 -3.13230064009384268076
                  3.33297021906450474660
                 -2.81216387927980271400
                 10.83057230703627382695
                 -4.57245115051036954412
                 -2.25926865018416389574
                 -7.19243062634045937642
                  5.05550987149979302870
                  0.20707002802334659175
                  4.26321261735573830975
                  1.93107487941071509496
                  2.01017952208966699246
                  2.80213383794363224411
                 -1.48576900769519282264
                  3.39947653667428939528
                  0.31166137529139809059
                  3.01103788424792107037
                  1.00793788868601996711
                  1.72779132193580609034
                  2.22512690121608791571
                 -5.20653339278194415840
                 -0.71890057175422039659
                 -2.11727834306417683763
                  5.06243791294243461465
                 -0.06316316943324064292
                  2.08293879723691732764
                -13.01878588073462950092
                 11.19816764704663647478
                  0.28494061058359354544
                 -2.43889446758769823376
