                  3.08727915773156924573
                 -3.46056063331489172086
                 -3.31818750747032176207
                 -2.42924801925756073118
                  2.16509365365822326055
                  0.31765456460436053421
                 -0.00730762669129378893
                 -0.13739004255235087726
                  0.13713149052780188031
                  0.77356871737009424983
                 -0.81898579301491947202
                  0.13575883315006240237
                  0.54185295239750908003
                  3.18955558187991572439
                 -4.13004021758903228090
                 -2.98247939148468477200
                  2.67322348606996751386
                 -2.53682977180199875633
                 -3.66566418489238099454
                 -3.38324515871517439436
                 11.97643501111507191581
                 -6.61961931512057866200
                  2.04254103035819767342
                  4.84924228504106835658
                  1.47969872635307408970
                 -0.85981998766630896025
                  1.29066783340902335731
                 -3.05382482641625285780
                  4.77223554216560330588
                 -3.74058109232863955640
                  9.17385086141544014993
                 -3.47378316493246064312
                 -8.04634754423019593617
                 10.11314841095033578711
                  3.40680803806854148874
                  2.71186808454858407913
                 -3.01026445294653477447
                 -2.53425191724036613650
                  1.62868654768698806201
                 25.11894902132581464116
                  5.75247012312929850708
