                 -4.32692934006041518558
                  3.21330967379051202215
                 -4.42451088205138454157
                  1.86868199857163563848
                 -4.24389219709529275093
                  0.58408519121161261989
                 -1.48871245611052205327
                  1.29915372658318073462
                  0.67291572001831201355
                 -0.93733263542008082858
                 -4.47427654571212585211
                 -0.60745677441409573483
                  2.05837224753571268465
                  1.68215575987648446876
                 -3.38490258772916652319
                  2.33254989556954761554
                 -5.23552941197246468619
                 -5.26331475534670456540
                 -0.72986069529276575985
                 -1.70951810512366764172
                 -3.17253370201559281583
                  4.39839219115435309249
                 -7.33696090682182333609
                 -5.21366826540320715822
                 -6.32966882520207985152
                 12.76268068659860155378
                  5.38942897581141000529
                  3.12421142068310819795
                  0.37409358840686635084
                 -5.48347381367767550131
                 -8.34563461733534950326
                 -5.77675691653922296354
                  2.40239336067212949644
                  1.67525102703254114012
                 -1.09037099562057382407
                 -0.75595571400756522706
                  0.05491898879832186886
                  2.11426590472807340859
                 -2.61258457507612984472
                  4.71246907205539766750
                  7.05257030458219613678
