                  9.82424440329849879561
                  2.16669496083186130519
                  3.66926382018580898858
                 -3.53251949743879434251
                 -3.86447503576649875612
                  0.57070774224718590073
                 -1.48510699942509405425
                  5.02689247946141382073
                 -2.83428817766380980459
                  1.73549389046628110833
                 -2.59473092575330621656
                  0.42375151426857998738
                 -0.86932378326325099316
                 -0.60088076250722533000
                 -2.53120548419280311236
                  0.95440906810766268364
                 -0.69166642441088210802
                 -3.84307921720462353221
                  5.04407140927219632687
                 -5.07792942060211949240
                 -0.13524976015005527041
                  5.31364661005201188715
                 -1.87522806566953770258
                 -2.13620902427563708059
                 -1.57989846286624469052
                -11.67823138360844303918
                  1.63922945707160194750
                 -2.30460415638390081483
                  1.93169942545187756089
                  0.39119475014453103379
                 -5.91530359765226076973
                 -6.89569209665756055472
                  0.85954980095820210373
                  1.41393089033591379255
                 -0.08166805433178887796
                 -1.48166694531958231806
                -12.46799642025511900556
                 -0.13148590262929008010
                 -1.99301479605099451931
                 -5.13471422728627491239
                  8.90585516285134559666
