                 -1.98060010424603927248
                 -6.47096928152635619824
                 -8.36008471256012342110
                  5.77871949530787620830
                 -1.02386509164021299867
                  1.65072560017169389646
                 -1.28210673588041390580
                 -2.22406052415003907541
                 -1.07782273655948701574
                  0.61150750366112638368
                  3.79970671774994128711
                  0.34009632727299354826
                  1.08530350212143655853
                  0.74355059732721917598
                 -1.72983867450807227151
                  2.14613785921362687503
                 -1.75849857591592173556
                  0.13169340311624624928
                 -0.53763604234048323338
                 -0.44577059564355270282
                  4.78698979169430582914
                 -3.29125272494083143116
                 -1.81105354708136778719
                 -0.39481015828550891644
                  3.02925006953559128320
                  4.21768882537157541179
                  0.46316428975042361893
                  3.00389814828292456284
                  1.61941456515423953810
                  4.74068706250220728293
                  2.56106673444788368599
                  6.99763336162937665819
                 -0.07377770027855594381
                 -3.58619354250801691819
                 -3.41442619026110349978
                  5.93223152690775457074
                 -4.49506883054148165257
                  1.78442980473112067230
                  1.10136125290535735743
                 -2.07690396355953676988
                  2.04106649192929534564
