3	2	1
20	20	
1	521
  0.2486650322000000	  0.1234715974000000	  0.2171542426500000	  6.8680674011499994
  0.2486680121000000	  0.1234715974000000	  0.2171543302500000	  4.1364984123499999
                  4.94733771226635443696
                 -3.55854324686925371779
                  1.00197640387842468179
                  0.14225783370613681589
                  3.40678446433944337457
                 -0.23746014384592950552
                  6.34786016868983438144
                 -2.22943178329585922626
                 -0.60414687295112379228
                 -0.40772226291824537059
                  0.97006224209436164863
                  4.82659931846623724283
                  2.24299359491535899025
                 -5.66231896042815208148
                  1.41764378167984594903
                 -0.95896199232651690991
                  0.69346371649162052986
                 -1.33279339740007829462
                  1.32815938848041414921
                  0.00314057118347486723
                  1.11336599550493153821
                 -2.28070405436346135275
                  1.46735299467003676988
                 -0.75520689193337220413
                 -3.80276040132344528288
                  2.16258511344441028967
                  0.29952917379845922508
                 -0.56142439822487955059
                 -1.94106330425691520070
                  0.34956165207144435092
                -16.10219697918588011021
                  3.96779873669771765421
                  8.87901722558506278915
                  5.49511673485662477390
                 -3.78052437060836510341
                 -1.71938028394797792764
                  1.19301912311669400246
                  2.67592305109306449751
                 -0.87303181726677114849
                  0.35396364375642003219
                 -1.82288162925220720290
                  1.65519391100747137457
                 -7.65956747854165964640
                 -0.46083482519279039824
                  4.24418033472126499106
                 -0.90127822317810490915
                  0.58942295011771717039
                  3.23940146489559621656
                 -1.40493049702769479126
                 -3.75124040994597685028
                 -1.49793503152284213087
                  3.47410605039805142624
                 -2.11065902144711703414
                  2.47479610327286225768
                 -1.48482427554709039974
                  1.21607771738341408074
                  1.81973887563601621764
                  0.56068097209382961044
                 -0.27168017929149851364
                  1.40003632729920002298
                 -1.22826582396012962128
                 -1.14836191793905428860
                  1.94728180297494435358
                 -0.05274817947995773249
                 -2.72025490617642340396
                 -1.75296653578770067483
                  2.66647296334585304223
                  1.40341274796670201219
                 -2.65247947074933776435
                  0.96233216279742228583
                 -1.50156864101376363863
                  0.76794409683683229062
                 -1.61727887784369550594
                  1.18321378664523502167
                 -0.10766463332134121322
                 -0.09161195142399476687
                 -0.37064368621019239125
                 -0.83756907950052750245
                 -3.25037699611396879718
                  2.73060958366514583417
                  4.27942666342368127630
                 -1.86495405740886344148
                  2.19226342861880540980
                 -0.27274908786576135267
                  0.62310296970920842075
                 -1.05337689609435858351
                 -3.45622171457927329641
                  4.23613053867234157224
                 -1.68644164714431465946
                  0.79276426584387904573
                  0.87698928877601944887
                  1.34974229586703731165
                  1.44050041004621220964
                 -4.07972317098617587305
                 -0.14354256001769682971
                  1.11138806509382237486
                  1.22108220586616877945
                 -3.50306724216268250416
                 -3.61986229150189586790
                  5.47477540694564890345
                 -2.01586657183053485909
                  0.19729578573972361699
                 -2.66958402356148960521
                  0.00967440535308732551
                  1.23919237139686022608
                  0.04452347582976531881
                  1.53923941925324458957
                 -1.47621578191644164946
                  1.76727847276389837816
                  0.01323004137017691310
                 -0.65938584142708434044
                 -1.01545941780910564667
                  0.46406108662911754736
                  2.87151129512328928683
                 -0.39285995397934164730
                  0.05486821417526554362
                 -0.19527260020028594512
                  0.27034881496534934886
                 -3.42285693437225901903
                  2.81994477196927206819
                  0.68578534953589209699
                 -0.74618437023693873211
                 -0.52329389484754929018
                  0.25860930715414642833
                 -1.60351109317340356775
                 -2.03679844354112082883
                  2.34711733033667080406
                  1.11420747136058495563
                 -1.64775119097203726071
                  0.22344261923642888545
                 -0.46689179786444179321
                 -0.44618553264709637229
                 -1.30824414060022764517
                  1.79622828144462354238
                  0.06838291634358878435
                 -0.11616496821395110028
                 -0.28002453042427161156
                 -2.07860159477730999100
                  1.48607900024652006543
                 -4.70744406327998099471
                 -3.95439640765077582429
                  0.63867379327102902220
                 -2.76813662779989311247
                  0.35399331881902373897
                 -0.19331775797645361914
                 -1.70855140424627149898
                 -0.65700549480081060771
                  2.71746564189274453227
                 -0.06689729344165198932
                 -0.29093549728746093130
                 -0.06399980405327006239
                  0.19365470924738467651
                  0.77446799184156367435
                  0.82760904880672059303
                  0.84928956713214553975
                  0.12430286786535368893
                  0.64879093958627054306
                  2.11583277707200778650
                 -0.09382948549169456420
                  2.53572702005830974414
                 14.52901764386093752535
                 -8.84034093438554080535
                  6.65494118391333255857
                 -0.04265900860378613046
                  3.70881950394054005216
                  3.10023445693949151192
                  3.35362339097871897664
                 -6.23831723342537980415
                 -9.70743053897107444072
                  2.66894936914742464396
                  0.14665828199441865998
                 -1.47270469338699694362
                 -0.66366618170269164878
                  8.74472182623003035928
                 -0.26242113163566899159
                 -0.39524977215389467400
                  1.33674786191759586984
                -12.00810816006602088635
                 -2.40410669315549485603
                 -3.64399831785050132282
                  0.35594499071772389698
                  1.26804271716369898471
                  0.29201508644328022513
                 -0.58811870235567198506
                 -2.00593015814243447181
                  2.36968580112773441471
                 -3.84311691485405626523
                 -2.77656874513011553418
                  1.91856127273394005961
                  1.63844431224256781299
                  1.05807755923937607534
                  0.86744086328941449882
                 -1.08123809800639869572
                 -1.20257983178756688858
                 -0.33490545040016445055
                  0.02800815638543610597
                  0.33770769128092559264
                  2.86742570551803854784
                  0.81264096341667690915
                  2.54796597904777089028
                  1.17767563637786576436
                 -0.63240699692644020136
                 -0.84210611863186790593
                 -0.11700589399823768666
                  0.58504892917253947804
                 -1.62196460011894960651
                 -0.15724255228309194643
                  1.70305573342206817422
                  0.07278772524753701623
                 -1.04033868413724173152
                  0.50666009266349654183
                  0.11446114336525217703
                  0.21895342416143703801
                 -0.24312482479617705811
                 -0.07359312653200709986
                  0.31223050387937406613
                  0.00123638607290218073
                  1.13384389376415972706
                 -0.63114717654963059523
                  0.39269520885355724271
                 -0.94310903559152581277
                 -2.28973619483285428799
                  0.74537198766535739392
                  0.34123497265261309996
                  1.00697951931806151116
                 -2.56443064595325953547
                 -1.71634816853694216476
                  2.56800170259550197827
                 -2.19130881661054299769
                 -1.89080507667649322379
                 -0.93010683248018322100
                 -0.42485468607287091292
                  0.83774216159411019067
                  1.30666826641100430884
                  0.51444688732024113076
                  1.75594918568592395225
                  1.56215473565512730225
                  2.09457254507727430592
                 -1.60551026433847665587
                  3.66885080112303940680
                  7.23919263186563632928
                  9.44292590557577504740
                 -6.57138430042983934243
                 -0.00057220110726790153
                 -5.89380487308455602857
                 -5.04554198034547152218
                 -5.61837659469945194246
                  9.51915513148608560812
                 10.21727894737669828373
                 -2.91589124330489912751
                 -2.26109686398549003528
                  1.82314798575340630826
                  0.39852188953342254640
                -10.71725861358477160934
                  0.27235119773590876768
                  0.60004824592043670695
                 -1.56179923360068140248
                  5.71112904304351332030
                  5.95923065206762458956
                 -2.60676760888993186427
                 -3.86401219847692178888
                 -3.59697429831199810835
                 -2.61280506442436211145
                 -0.04616123189415439337
                 -6.08929203327938495249
                 -3.09925680508809620051
                 -2.39754423621847001513
                  0.05644450835169673164
                 -1.19160445948014026563
                  4.73945982954290023770
                  0.00466697631184752326
                 -1.10704229091677941454
                  2.28542520063771625871
                 -2.28285144077333823631
                  1.66283745139339877994
                  0.36515192027578796674
                 -2.37160295623602168646
                  4.01680877510453981927
                  4.82019060583371761197
                 -5.12753021731144453810
                 -1.24420102047715697147
                  1.75388882606412255249
                  1.35343410606598890666
                  0.18375646563018674384
                  0.47036679988228319305
                 -1.54935564586621965510
                 -0.55107606899836858450
                  3.50396946977638634735
                  0.50205505670758932002
                 -0.83322173165227952918
                 -0.42217999750672169368
                  0.15827883503917550279
                  0.99616559456181719145
                 -0.10035737628630465867
                  1.14761593146756224471
                  1.29695922075988456790
                 -0.75007693063375557863
                 -3.05954523618778040372
                 -0.00587612556310645236
                  3.27175702185843020331
                  1.88309245585772244702
                 -3.56875519127937002040
                  0.63594222512330411679
                  0.23933914848270188003
                  1.44711800786456734613
                 -0.22459862809694633445
                 -0.77911903759442380224
                  0.17432287493592932281
                 -1.41005651002905807445
                 -0.70063699813678181894
                  0.06658076687383525372
                  0.32841824318537737870
                  0.75934297241628745390
                 -1.88316713971280824680
                  0.01177196562050418158
                  2.97339885443443918689
                  1.32456748939682555921
                 -0.60433488099606347266
                  0.22082282836280586746
                  1.15657815788552098546
                  3.47164161003405435935
                  3.31207238714917862055
                  1.09211079521348075616
                 -0.40721671721563940105
                 -1.76606587228913003429
                 -0.15631229133263419007
                  2.23571523371983982287
                 -0.77774834719918894965
                  2.14161195540746795984
                  1.80314703747525473254
                 -0.04946812137229455314
                  0.12142962471394491697
                 -0.16559197693983815358
                  0.47860164128979326703
                 -0.00374940073738999754
                 -2.69364836563305143358
                 -1.51637019822478902320
                 -3.96549574835504836656
                 -0.29347436220826700337
                 -2.06446125216357545540
                 -0.45827240282014353179
                 -0.34719965234136845877
                 -0.13151508755888888236
                  0.03554081814455473803
                 -0.34674633975087260085
                 -0.93539129974260259992
                 -0.79048275253040634070
                  0.63262525650691725509
                 -0.40701554135488227093
                 -0.19763752116772972944
                  0.04728350002280987119
                  0.17183863302174506860
                  0.05211868228730687225
                  0.45367483939551411787
                  0.38821075048266423524
                 -0.13056977832358104830
                 -0.05057518069015887879
                  1.15141884733647259509
                  0.03117931604986910743
                  0.45915760290871093785
                 -0.82372867410552963463
                  0.36792789113277502011
                  0.86601176644375088554
                  0.12762801274024362930
                 -0.66510209923960306178
                  1.51138553050045465476
                  0.76383716713160554335
                 -1.47778952679398734027
                 -0.10931796497169103677
                  1.01276035413910903138
                 -0.51105838549781967828
                 -0.07301932289681078991
                 -0.07407917831800164832
                  0.25464028651415443472
                  0.10081881482581324383
                 -0.29483494731949827505
                 -0.03375726722734613550
                  0.71734874085986610748
                  0.47936534046809387011
                 -0.61713587485372456420
                 -0.06009160815608330375
                  0.50208792836206939114
                  0.82514861534920735942
                  0.09150466451514055466
                 -0.47938444411430802816
                 -0.45680943004097990245
                  2.90936242908129782947
                  0.34079632880476540269
                 -0.84416761480081803359
                 -0.18067187072690732430
                 -0.07567982110082759062
                 -0.11146119709372905027
                 -1.37965703672132389279
                  1.26305833995750060872
                  0.04908268595369669890
                 -0.05550564581148444143
                 -0.05582932877054643667
                 -1.15830736876523454626
                  0.65531142948229270662
                 -1.58817995895637009696
                  6.78801160077959586658
                -11.04172731461995127233
                 -8.76653232948850735795
                  0.50140912167360029983
                 17.89954144292002524708
                 12.46345223862702233930
                 -0.70775597788906630115
                 -9.28659358176018301378
                 -2.39937826575687873643
                -11.51938926743852853463
                  0.41817542239948668481
                  7.34613612022052109296
                  1.81649482701262465767
                  1.98413533165101374500
                  1.53835655589282604971
                 19.71499555465105046892
                 14.27147673796316063033
                  3.30609066682875818444
                  2.60056529581874595891
                 -1.14655764430546769361
                  7.11301734980338817849
                 12.95132033467371357460
                  0.49877133194775585823
                  0.32945323655687064335
                 -2.93059320928777999882
                 -1.99615567531449089600
                 -5.71826580954018126590
                  5.86725758027794963567
                 11.28943535523342056592
                 -2.67360362441968169023
                 -0.15645201517808918212
                 -1.05562464045721027261
                  0.46749450868459513364
                 -4.16401385713326632754
                  0.22855663604222437035
                  1.18409194145306373436
                 -0.82022722690088678554
                  1.03388517846999206107
                  2.05834126398762506938
                  1.90867004033121157036
                 -3.59353772474153609906
                -13.01650183188554876779
                  0.58457240164656709691
                 -0.34998813821954699588
                  2.75624968213965493291
                  1.81502425340812711951
                  4.89732411775546960797
                 -5.63788534981682865066
                -11.38843990109874937389
                  2.63699113334524204433
                  0.15684131442607082696
                  1.04096506006826938773
                 -0.58605201647266469411
                  4.51528678894760471252
                 -0.23751566818103392320
                 -1.26259774831061211131
                  0.73286907921882749051
                 -2.79565323681341437734
                 -2.14747888868452418976
                 -1.27469831204396766289
                 -0.41670646172733627477
                 -0.12418491675171879074
                 -7.75841402938396029754
                 -0.76659352396405466834
                  3.65682927603031870945
                 -9.78388092759238325868
                  0.57341795161898190258
                  7.83815746363619414439
                  0.72691247906315448191
                 -1.92430267145170574850
                 -0.07244256167332077667
                 -0.93826301716782167794
                  8.34311973346747670632
                  7.70995341735792294457
                 -5.74297066320803306638
                  8.58344854888904507106
                  1.61755413732024067031
                  8.49887331343270169270
                  2.97980439571390887110
                  3.02229570818479675864
