3	2	1
20	20	
1	521
  0.2341960169500000	  0.1230964967500000	  0.2020200831500000	  1.4092060272500000
  0.2631370273500000	  0.1238466980500000	  0.2322884897500000	 -1.4092060272500000
                 -0.75376689090291348894
                 -0.09213963370373180750
                 -0.42204108273130147566
                  1.18376276528979085256
                  0.32562996288512591203
                 -0.87402101118533248592
                  9.04941288246463493294
                -11.86080344257092100690
                  1.46110046034963847461
                  3.10655743020636698759
                  0.40642585294442773458
                  0.15877204699897914941
                  4.11092526069664376820
                 -4.64684327481860837139
                 -3.58533734589548958027
                 -6.09680136126221938753
                 14.03759597250697233051
                 -0.24987659373271101093
                 10.65459204555017791449
                 -3.40261831619789001380
                -10.52595149561947174277
                  0.59216615149981000066
                  1.93776744793720823168
                 -3.01611047031836854160
                 -2.84472887154762466011
                  9.14928796466188565262
                 -1.23183019795572623600
                  2.79542399412491615607
                  0.48134503438606229819
                 -1.07333745347168507678
                 -5.19192760059867719491
                  2.50819787340503497219
                  0.32300882520502255391
                  5.40113857761725579820
                 -6.76106994529352345324
                 -0.43723235187896303255
                 -5.00790127122032480145
                  6.22220521909807455785
                  2.60464297681442857879
                  0.98489154005702417294
                 -4.50374886594332046741
                  0.38478006790950775029
                  5.50009579396283765362
                  5.83568833114197893508
                  0.11953168728411533994
                 -2.79272170562676169681
                  1.94036497340309854742
                  2.02877846666122163555
                  0.68098260364229079578
                 -0.71736545780987948095
                 -2.90573592424434234971
                  0.46420449129317126191
                 -7.68689441794978556288
                  0.05273246662446943317
                  0.77173253992378487709
                  4.35887884458241359198
                 -1.05608544949868576879
                  5.39377144832452781742
                 -2.94471565384474098792
                 -3.09770878705245067408
                 -5.43698553019720254298
                 -1.45462804785988519818
                  0.14758375996122810592
                 -0.40659532641478896009
                  0.05927152036483331055
                 -0.11291958913718516677
                 -0.92681571276549046257
                 -0.76218956050634723010
                 -0.21171108411720160336
                  2.89717255990845989899
                  0.36927085436191636747
                  0.26718376715485231410
                 -0.40065610577384835889
                  0.21741872441403245486
                 -1.16358014275038512686
                 -2.18840057371021545762
                  0.15291633413388738827
                  2.57682360088009065890
                  2.79224805491047867179
                 -1.57520144125751859754
                  3.18223384316657220694
                 -7.95312619696919398393
                  4.78418881316571464879
                  4.39375701180541078372
                 -5.89145171264626466012
                 -2.69715395811840519258
                 -0.17536939938249412885
                  3.69812998887419785987
                 -2.30017673270334155333
                 -0.09058892668364115774
                  0.23678787448190422027
                  9.30824193845070269049
                 -9.52463179366760215316
                  1.22222875210930426171
                 -0.92060688243928012753
                 -4.13081508745042480513
                  5.72741149898329737766
                 13.88074692196001080902
                 -2.07956670884553229683
                 -9.95782500171544704415
                 -0.95985625889661618793
                  1.40173413894607801211
                  0.17637515644723669728
                 -1.23221375598867100010
                  1.91339844822826599113
                 -0.01615149460807068990
                 -0.89398918435921304049
                  0.43148169579593109724
                 -0.15987553508155530335
                  0.57243263149863998773
                  0.81609665433241129762
                  0.55491520224545820561
                  1.77980472378147402956
                  0.34807899541275444388
                 -1.49283871389612809999
                 -1.03403431640323484331
                 -1.47803984157227419338
                  0.19528361128232055166
                 -1.03466946253372227282
                  1.10751754258509782503
                  3.29909799673455061964
                  2.66616871944059541377
                  0.39292683169219355666
                  2.75413146092774097085
                  0.62164069296804491671
                  1.04316015910344606077
                  0.05471322733613595557
                 -1.91887917578153199827
                  0.27340915265706500215
                  0.79520795302936531090
                  1.32168850378941926671
                  2.08938851191078756031
                 -0.28359404940095217507
                 -0.38598998310311238846
                 -0.36757765815166310031
                 -3.31014744014432560348
                  1.76912790202211467339
                  1.79625878793432325331
                 -1.05528221363962693147
                  0.06664199277246335429
                 -3.07682647512887363916
                 -4.96738527859178180535
                  0.32611682331977409621
                  1.23102444933924837223
                  1.81898461170460312708
                  0.92160686415216752643
                 -0.61880535934225811001
                 -0.87079555168796096698
                  0.15697718556378784105
                 -1.49451945762746052360
                 -1.01423165439145868127
                 -0.13152044332096912704
                 -0.42769818335305631596
                  1.16138488411118978583
                  0.33510276072921973967
                  0.28871044789465089009
                  0.52019198897409058002
                 -1.86834215008781212575
                 -0.88389975308947055233
                  0.23168549213985731305
                  2.59672444815257019712
                 -1.74013750533985112057
                  0.50289146295538822429
                  1.41861853923608327577
                 -1.91647250821099923712
                 -1.68214641836157241528
                  0.51868668597800049458
                  0.62458255923791361486
                 -0.10561901126559253283
                  1.46233163850416580942
                 -2.69872195046807528129
                  1.14967403050222172212
                 -0.57599395777756234871
                  3.68902908360041381641
                 -1.27851094182140267996
                 -0.23873497511742813870
                  2.18041051863171331249
                  0.91331167064822649237
                  0.50749730412846472127
                 -0.70047852517270814410
                 -1.50114392972921062430
                 -5.45724890063300360765
                 -0.02366189928213444094
                  2.55322135175984454847
                  1.35250510619943931090
                 -0.34429176759986995782
                 -2.37879369136213636438
                 -3.01241192211941832824
                 -0.74844528437054758108
                 -0.68311193433483996529
                 -1.32468363063428240523
                 -1.38135475066521351550
                  2.61939874263492900042
                 -2.49994081111254429217
                  3.81972767239483079749
                  0.47853107522743398849
                  4.90112910390803602212
                 -0.94508115927434188652
                  0.56689283465935935702
                  1.92488481395067645430
                  4.30879922918115720876
                  3.81597521444933507340
                  0.45550836251066395555
                  2.70846706133109949022
                 -1.61939795430336141990
                 -1.23546307373152863818
                  0.12809099815794061650
                 -0.31105898537268578119
                 -0.30952585201151155969
                  0.95350570394163169929
                 -3.39865574898009858984
                  1.50292451566554641218
                 -0.78206003455670702884
                  4.67474760659671417784
                 -1.15931069791799501445
                 -4.68102889222416784776
                  3.18637446533024615292
                  1.30468516539905232676
                  0.68100080056021772279
                 -0.72226137321632044586
                 -1.61869223802278039415
                 -1.31435211040447663677
                  0.55776294461099462652
                  0.49507851897596488744
                 -0.69685730464015427366
                 -0.70460849449409868051
                 -0.07561578556332383683
                 -0.04468514084001284914
                  0.49750539811096133880
                 -0.31144973836968625758
                  0.10378382581656146744
                 -0.21048310579356468986
                 -0.26372730773095609536
                 -0.87541268327354881951
                 -0.36061536016720369124
                 -0.23684702578708627385
                 -0.92668168532983097307
                  0.29047655190936022551
                 -0.90918842407798661220
                 -0.16334766885479690135
                  1.26229787566357543049
                 -1.53960688287187807965
                 -0.55258269782645841328
                  1.48481568615474879280
                 -1.25241117115191435971
                 -0.88341878146920682635
                  0.86457729155412443856
                  0.76659856390382863367
                  0.04227034911090402081
                 -0.13585867938172771496
                 -2.04611191632088562642
                  1.13630159064187719054
                  0.01154324827888276138
                  1.86301943453085727676
                 -0.67501240487230129705
                  0.53139023135575325085
                  2.30320268719633558518
                  0.44430840454396636208
                  1.06793567511393416858
                 -0.80159540021915720587
                  2.08050424632033070793
                 -0.48352176088057213788
                 -0.50735020232784688865
                  1.05929369243361670705
                 -0.45754469570076372609
                 -2.06802398760877137462
                  0.33131216659260104285
                  0.25476648085576647507
                 -0.27412814749807024040
                  0.02574190567600618401
                 -1.34481621642545934314
                  0.89348468614923082232
                  0.41410492487698308262
                  1.73794476395787111933
                 -1.72602118158062789455
                 -3.11891181250435867156
                  2.93360034378954015466
                  0.03252468747468176963
                  0.42835743691284189349
                 -0.48407261430765724519
                  0.79832037644057551873
                  7.88413412800226964805
                 -4.77566299979077424354
                 -4.26371626584003760030
                  5.87208364891353795656
                  2.67897320803666350031
                  0.19237822254882142037
                 -3.68329376756061899201
                  2.24058804654014753766
                  0.08603457251977326969
                 -0.25506987028050837063
                 -9.31157906188437856088
                  9.39360790779787713234
                 -1.33895581214752223964
                  0.92255406724012090081
                  4.63562155165294509374
                 -5.76313922658903265983
                -13.93094638100966164984
                  1.96591372047616386176
                  9.88233105003482137363
                  3.73306979802110960875
                  1.11599700170357696294
                 -0.56263444382476646144
                 -0.27255282707664957309
                  0.91918524938177070815
                 -0.06528635948384589605
                  0.33157658328278666326
                 -0.23448655887649455520
                 -0.13784509983775791730
                 -0.20989728569045187911
                 -1.41436668190164693826
                  0.24406410131610170589
                  0.39850572439201714658
                  0.93904092521427484641
                 -0.59772453534879899095
                  2.38979453518198470263
                  0.07502404964851001890
                  1.39840912671016304181
                  2.16458087799231035930
                  0.54393937076234144534
                  2.12614060482118238937
                  5.52522247131743693416
                 -2.33692462736656869637
                 -4.64611221756625170087
                 -1.82788350249510012091
                  0.05809067170323242019
                 -5.81657255613339785327
                  4.04493788512819563152
                  2.87003845091116938093
                 -0.97487315876410662874
                 -3.29899373886695945757
                  6.72886638843587459036
                  4.58847467464688651972
                  2.77739922153026608242
                 -2.33033071795158353012
                  1.47343972863199512702
                 -1.79813635300298702013
                  5.79032446803796929657
                 -0.53466173994758814381
                  2.52179219404850307740
                 -1.68900041901055963933
                  2.03212960970858436127
                  0.12206351275776021470
                 -0.85124448123858686976
                  1.90831895747872115621
                  0.91437558158455800594
                 -0.49057764016584215483
                 -0.54799941473132895986
                 -0.00418766344334329469
                  2.17394513993952109843
                  1.31100009865069377923
                 -0.20446403602892807005
                 -0.08354746263946470630
                  0.05421424001547386212
                 -1.96235914032908342897
                 -4.35928647499854005076
                  1.20694808985012902447
                  1.42774380871895378853
                  0.11187030597484672045
                  0.14812520750262148095
                 -3.56535592984349580803
                  0.39739447777962499941
                  0.39830963568299004862
                 -0.97516692308433361447
                  0.28039057637345610186
                  1.00731416189623979029
                 -0.56909249284315266415
                 -0.11402191441706839570
                  0.13997961724176266607
                  1.05523775448125167742
                  2.27043894623660591492
                 -0.79883590057510200921
                 -0.76672420162676568900
                 -1.55191863484598790990
                  1.09809707911447618223
                 -1.47651423600010622827
                 -2.05641321995877213169
                  0.05555692126018631910
                 -1.10610893080814087774
                 -0.53393648110078106850
                  1.81783834489265450074
                 -1.65160835586596776992
                 -1.97695170599513669885
                  4.56319220472328357374
                  4.85517097159310306864
                 -0.07800960438027704225
                 -0.21897581471966348632
                -11.48755831173970776149
                  0.46146432747062715585
                  2.18608311646923336724
                 -3.69210577922586136168
                 -7.39161083193622481247
                 -0.67399428139566619489
                  2.13722425143672589698
                  3.53175530159405592912
                 -0.58006994733723005186
                  6.21264644723151615580
                  0.23750126356657716431
                  2.26487884910975489916
                 -3.09550284863728597529
                 -7.83617918235035215702
                  6.25701600338672125901
                 -5.29548607469327059505
                 -9.27619525395551036695
                 -2.01754690551454052283
                 11.40688164443116470181
                 -0.03434894063130707054
                 -1.93682008805651539873
                  1.45636150796389318707
                 -1.43379955510559109477
                 15.23199729923302925272
                 -7.34381413469545929473
                 -2.18028215456543783546
                -18.41093034050197374540
                  2.24872799958567926026
                 12.29674893434224358657
                 -1.50619873905554535476
                 -8.72764419997121088102
                 -5.47040045345858594317
                  0.51409825924459873203
                  1.27825360556491207653
                 -4.30630592201025308441
                  0.78547655138557115340
                  7.42048437177738939852
                  0.88244786935181029897
                 -6.12405243639857665983
                  0.05052372187813776450
                  1.73170896257759454606
                 -1.30182456423120340716
                 -2.21611987046452352246
                -10.47609197895203791973
                  7.45792649332499113513
                  1.77722255811152751726
                  9.92807808999391383509
                 -0.96667617707382014203
                 -9.53139635894544312578
                  2.49837402614728976147
                  7.85643049491813094676
                  3.49321931745823777149
                 -0.25274866128612644145
                  1.81819761502495325090
                 -1.06550008102522530962
                 -0.62993460336620010764
                  1.52628803726311135236
                 -1.18805961711516050450
                 -0.79353961518090476712
                  0.86114837069022320826
                  0.67179728010009887029
                  0.03505899630335850004
                 -0.00556351651600000413
                 -2.08933229546562504453
                  1.19753675968392503393
                 -0.11708808217636562654
                  1.91580721679250953748
                 -0.63824453805276948337
                 -1.18472143132913698693
                  2.37604022865227770822
                  0.53317346167893586717
                  0.72723380214194099924
                 -0.93041173900674145614
                 -0.24580072214181614143
                 -4.55651766018724302398
                  0.35876306567697219263
                 -4.05542127888333592267
                 -0.58169613121513574772
                 -2.64879115455767610854
                  0.05792118924095559368
                  2.04725612119095323749
                  1.83755436147217188214
                  7.61459978073355170380
                  5.24976183846414556911
                 -4.55579167040178667492
                  1.72037381353114571247
                 -0.15358582093172029603
                  6.19908941038185723471
                  1.19190201649821769792
                  0.03044906565571990978
                 -2.10914839259517483683
                 -5.43122240759812857647
                 -7.06339878228052686637
