3	2	1
20	20	
1	521
  0.2486650322000000	  0.1234715974000000	  0.2171542426500000	  9.3605792071499998
  0.2486680121000000	  0.1234715974000000	  0.2171543302500000	  8.7890803620500009
                  1.88330078412996382298
                 -0.09342630821576342059
                  0.27156640172449836301
                 -3.75774216456426790600
                  2.43779722142146981767
                  0.63498527995749298736
                  2.46088944362268247090
                 -2.33721082605103624985
                  0.13623065700964973046
                  6.61258137658331524023
                -12.86414889786723136922
                  2.96050993137055140636
                 -0.93135763819344574710
                 -1.39267388312632900416
                  0.36418646672564025657
                  7.24853738590533236419
                -10.84335782841648310182
                  1.83206308528483119424
                  6.37815161757617765659
                 -5.30529333304827144246
                  7.69672659449614204874
                  0.53691934244076644500
                 -6.87810282731496958064
                  1.07040730934300265531
                 -3.13539093928844403436
                  2.08948026097006778201
                 -0.09690210550361263997
                -19.14863343622822355883
                 10.67760863521397318721
                 18.21769874526721011421
                 -2.49617770105945657733
                  0.80614352938916078450
                  1.68309191201536778593
                  2.56057043478508550294
                 -1.46256964602249506235
                 -7.01334738853485450960
                 -8.54660839731362997895
                  4.99035039799867607968
                  2.34885590441640745851
                  4.03736744960326898735
                  0.82222543143512183406
                 -1.96505292477214710267
                 -1.00280215487234736216
                 -1.51280136748994231688
                  1.96437437686867855113
                 -0.83891963467173180646
                 -1.39616090632862399623
                 -0.42326308516137289839
                  0.35243514194090252989
                 -2.07864912821364189455
                 -1.01241030875735193995
                  0.43451274486364815930
                 -0.51655330555881528998
                  0.08438510374020651017
                  1.40185487279883091993
                  4.22524168774681463390
                 -0.30713819354539373396
                 -0.35343235424767310837
                  0.01092900701047093241
                 -1.37295109214885280302
                 -5.67268423673769373039
                  2.32629560460141737721
                 -5.15606278997823697097
                  0.15103665334140567444
                  1.00149842927191046194
                  1.00997853250788915958
                  0.04660563418011330616
                 -0.11901415717000339567
                 -7.16790374805960350812
                 -0.18361574784507520008
                  0.85053211423655916690
                 -0.59555656101622389542
                 -0.88108990228098560404
                 -0.48157811096753688762
                 -0.59180921131539387936
                 -1.28277551027274561157
                 -2.22999815520699451454
                  3.54296427633176191918
                  0.82334126302306487322
                  2.86930032788577804581
                  0.08566381669398208387
                 -0.52177484257819894964
                  0.36548085447768768885
                  0.07509370619150786130
                 -0.37706749004912759604
                  0.11345417489931211574
                 -0.04691018560537828230
                 -0.02533932634720789320
                  0.24196723283011450922
                  0.04632711491226456507
                 -0.39620668543504594661
                 -0.06815588924322461828
                  0.00178608806039258473
                 -0.05808198752838112516
                  0.32331864302814250500
                 -0.34642921339826110438
                  0.29125270047880102986
                 -1.43475456896760245051
                 -0.12410273471080707219
                  1.92387430938248904511
                 -0.91487961262683226149
                  3.75312217577333573360
                  3.51497783655645434919
                 -0.33410753920773678116
                 -1.70778674166652777444
                  0.08837910173356121335
                 -0.30226836973461540525
                  0.47830301806835096023
                 -1.38839548869261064645
                 -0.14346836850703201249
                  1.38864107929111924022
                 -0.10947896512462398921
                 -0.39677177473398073104
                 -0.59846071490487684486
                 -1.15271781748633217468
                 -0.85591049594745183260
                 -0.27240202151704001610
                 -4.55837919318090012410
                 -1.36027330660310541433
                  8.37080176546546539385
                 -0.23619108437244756837
                  2.08459338340332811512
                 -0.22449477193063110958
                 -0.06189674949336614745
                 -0.07393490106747992174
                  0.19102610788141807796
                 -0.03619362044891297897
                  0.03342723943577306789
                 -2.34050104255427671163
                  0.14915632891720553843
                  0.26646149084120018813
                 -0.06593702969348724796
                  0.04733082019723356543
                 -0.19173430390220222441
                 -0.03722465076133286283
                 -0.98165997813092797930
                  0.39704042159813457413
                 -0.51725942197090746255
                  0.39804610901788023414
                  1.82213438832562713010
                 -3.43964657976474175172
                  1.12019182488672863762
                 -5.91220432854480737461
                  0.39757355343323896868
                  2.34758133094881227265
                  0.83655173567326368556
                  0.13556155543245054784
                  0.01341174433067490041
                 -5.64596704476166255660
                 -1.26020482954920431951
                  1.75701396213508065358
                 -0.87908635434783699569
                 -0.66632698355092701004
                  0.10169648832135001759
                 -0.69725942741257973534
                 -5.38744839260334629216
                  4.02516240172171979594
                 -6.75153386142024025673
                 -0.25801731278678924353
                 -2.36231200480415104437
                  0.77696091018071145040
                 -0.59206052561855260219
                  0.60047019643068177963
                  0.10038946697180796408
                 -0.51558251280693789820
                  0.12326151664399913332
                 -0.07832499116405952644
                 -0.02542184014213124538
                  0.26547451893676493606
                  0.10162009450802647614
                  0.59861254954898612812
                 -0.08549295362028505596
                  0.02366108972830523877
                 -0.04032864043375782026
                  0.46456361536684687152
                 -0.54564832849009159421
                  0.51958885703107826615
                 -1.88416905969384496089
                 -0.16179367377305017839
                  1.72825861198140517949
                  0.27781175691564841124
                  1.58026630624499597744
                  0.30935853349998099215
                 -0.04546259702250261825
                 -0.18330543595150972092
                  0.18476278918660379857
                 -0.03832279403290602543
                  0.04186001821823406160
                 -1.70483768394764956255
                  0.16840072592682783781
                  0.40785104956436030177
                 -0.08101202553180647525
                  0.03518255280462156964
                 -0.20910623335247333077
                  0.10330610424955684323
                 -0.58846649781402826651
                  0.06314682745267524711
                 -1.62686191450063111219
                  0.45186292471664502024
                  1.81070175435579927559
                  2.38140540196435779308
                 -4.35841163814732457382
                 -4.28646477008132542608
                 -0.14929669536146555897
                  2.92545411443509806304
                 -1.36061741341625408452
                  3.18222762908351919364
                 -0.57896265521657708231
                  2.89483567761180582423
                  2.88456822948936464357
                 -1.22872278395947343022
                  1.40267756354032369082
                  2.12612397047659262839
                  2.63859411965647350229
                  0.40549831958377330343
                  1.21447524462703593251
                 -1.44713773249285471145
                 -6.66456410337088112072
                  5.89608065497497602081
                 -0.35398575703586154795
                  8.00573119909963715202
                 -1.86526818016635731468
                 12.06410324518044774322
                  0.12334879749215910127
                 -3.11579845635646313085
                 -0.26085130345721752043
                  0.06192405187767327512
                 -0.23516357895532352673
                 11.22791420751877566886
                 -0.23663497195384769478
                  0.95724200245146728872
                  0.03497491912477568299
                 -0.19217660857383411788
                  0.62117138026359375313
                 -0.52693451644803335210
                  5.60239912589069888327
                  2.12682738338795562782
                 10.15567544305171665542
                 -3.37681205641733050982
                  3.03346382167069306135
                 -6.07652490983462811869
                 -1.34069548075882827298
                -13.84030361751673687820
                  0.05267366834306588808
                  3.62211700891403420854
                  0.59926074842363652451
                 -0.07344628277335914224
                  0.26027117688824397135
                -11.27655777866138464560
                  0.27601608739477079268
                 -0.60275133869686003951
                 -0.06734748213244243220
                  0.21700092446500116039
                 -0.29205463264745007423
                  0.96963199450651471611
                 -5.35464774070210047796
                 -1.32878459563168349611
                 -8.02803387499100473690
                  4.04195027818145913301
                 -0.06039050632229237686
                 -1.54543660308531771719
                  0.92343628241381725541
                  0.17295492610111501408
                  0.11149647130203332868
                 -0.23652031307705648211
                 -0.27119546306631198140
                 -0.08061267435406244131
                  0.04983500824753022557
                  0.56902634173039012833
                 -0.00318776605293311088
                 -1.61369564919140984216
                  0.07787795604510761027
                  0.27968627238597426610
                 -0.08765761355949301670
                  0.17947085781570570884
                  0.07574664878621611974
                  0.48514024805373040516
                  0.81722377998293982415
                 -0.14777210736504239885
                  0.26802181316217671414
                 -1.36558154610269100182
                  3.22351939335371140416
                 -0.50069575010381606184
                  0.00903872964964788465
                 -0.34750731990972616448
                 -0.92778729903557533021
                 -0.14889555223501030334
                  0.06475040477968763142
                 -2.43186387954151106428
                  0.09641758906077918523
                 -0.03577437441277731695
                  0.02569205932695981312
                  0.16980735449545586446
                  0.23705227759388622366
                 -0.39355121783990215656
                 -1.04919884729815415803
                 -0.98167443581008306808
                  4.74438896493392459064
                 -1.01062827602755467282
                 -3.13969873712523117604
                 -0.10476566164919427770
                -19.37328723712642641885
                -23.71834238769474723085
                 -5.14012329278702750912
                  3.13109567073011429983
                 -7.19565584942684122183
                  0.96497653849552122995
                  0.70259053755331912772
                -12.37648969730618020435
                  2.64653772680156595953
                 -0.54675461029965211068
                 -0.22019483879115139824
                 11.67079561157134826033
                 -0.80549534783710652341
                  7.27169166506535091798
                -20.04281370250350136075
                 -0.68498253910881612416
                 -8.68330991472153357336
                  6.65527024111188936217
                 -4.68358317949933589119
                 -5.54662171006512938476
                 -6.80901816710050056258
                 10.90176597776405564844
                  0.21512287243207361964
                 -1.25067969987639870943
                -12.24631802317793827228
                 -8.70770193873521769490
                  2.44169835005200575040
                  5.19937520112998097233
                  0.17484986799154444981
                 -0.25920223606175030184
                  0.24913530955029655756
                -18.42603809356535293773
                -10.70951070535720006660
                 -6.04611373314767508447
                  6.52741019605364858336
                  2.55120337543912034661
                 -2.38553925814622536095
                  1.29315363777240133203
                 -1.81664627895454700024
                  5.45153450883510082292
                  6.55537369071374698137
                -10.69527740313854202725
                 -0.25428949896947161680
                  1.20103653587990422125
                 12.13576399543443073981
                  8.64957997136937351002
                 -2.39960231907284837760
                 -4.98148730105448400707
                 -0.16803918821307101128
                  0.27490149100731436915
                 -0.25826713792110378431
                 18.31475509554049097005
                 10.59966739820703196528
                  5.98641538644777160272
                 -6.52852347113423370217
                 -2.45318234137393220706
                  2.27131028919070976357
                 -1.30932418022606733565
                  1.34538396391065617763
                 -6.21570160664048554366
                 -1.29276785268787519634
                -14.98411865146191068732
                 -1.54260952046338895016
                  2.20725994489014976097
                 -0.13434987447274551742
                 -0.13359970994140099587
                  0.22760787621903108557
                 -8.44627634483385847375
                 -0.03717922230843508091
                 -0.10621001466990910578
                 -0.10791966155719795450
                  0.32814807228695952457
                 -1.89971902044671869803
                  2.43904432848264773881
                -10.58426754921874746174
                  2.43755005503049382298
                 -3.27257033555567611316
                  3.30907242328233541784
                 -3.14130683569107871378
                 -0.75196002103236070369
                 -3.50128201246814629854
                 -6.53558236114606394551
                 -0.62986158665198765938
                  0.98214203996921167761
                  7.52136366327326655323
                  1.24874617853368197196
                 -0.86029173733613129027
                  1.74264933647049780063
                  0.75241342231620789160
                 -3.59945538871172532325
                  1.52973228417308626526
                 -0.05289829166441138708
                 -0.28862702181644395161
                  2.03242972868196680736
                  4.23240380075628586098
                 -5.73617830706359477233
                  1.58426359221237844643
                  0.99484371375925673142
                 -0.66840095621299799866
                 -6.47691591981469283468
                 -2.09111936647373442000
                -16.24987609865510052032
                 -0.82787708574890073177
                  2.77829411191487940513
                 -1.28394289173401054960
                 -0.05417002418732971836
                  0.09180751399235273502
                -10.69795304634722299397
                 -0.03784498910592864335
                  0.74723029720035150092
                 -0.28502052796636229148
                  0.22337199339517901930
                 -0.47840396991004840999
                  2.30344206361020020779
                 -7.53583862354358213764
                  2.04651350224456640703
                 -5.51114064349742172055
                  5.65549910085983587038
                 -2.54610748677481568691
                 13.04727797377089437703
                -12.67291071974436000858
                  8.65847510352370974829
                  0.16204647630133059422
                 -3.38877776858056289910
                  0.86843095431111694271
                  0.01321143007274694012
                 -0.05236152435969625152
                 19.23308354190963243013
                 -0.00803434112665325599
                 -0.25690418419902477654
                 -0.07693926534464788636
                  0.34033644400016221931
                 -0.23696918127726684933
                  3.93413418442543827425
                  2.53335498979269857500
                  4.06094650758251773937
                  5.75565222189298086874
                 -3.12441026891305551061
                  2.75365175518186999781
                  1.57404990800149424679
                 -4.24278813469662452462
                 -2.25719041855832314170
                  0.25563172364397740433
                  1.20650247346953487515
                  1.38412511293658102574
                  0.17975407106277360714
                 -0.60757278074933895873
                  2.92569234686605694762
                 -0.24779325160081444590
                  1.08960373028429735598
                  0.12112310291339856150
                  0.52175790980032232813
                  1.04010684559039745523
                  1.50150650690393727693
                 -1.39242871916617105832
                  4.67760747531984577563
                 -2.31485177368650862917
                  0.79127619622138878341
                 -1.21953665965539714833
                 -2.37225863024337302321
                -15.39368384786656029917
                 -1.57194323559266657675
                  8.08807028162250674086
                  1.58860530417113832158
                  5.99474809289851240379
                 -9.84060886819434443851
                 -0.00677214508941094851
                  1.57487133021119629639
                  1.48037615095199770465
                 -3.89238864761960767780
                 -0.94320677893659088387
                  0.00337594668346776839
                  1.41629571305892487665
                  1.42947255520871463474
                  0.21052450674069769776
                  0.04498751353471310693
                 -0.27061859077092798032
                -10.00576860392278000234
                 -5.95895189384609391681
