3	2	1
20	20	
1	521
  0.2486650322000000	  0.1234715974000000	  0.2171542426500000	  6.8680674011499994
  0.2486680121000000	  0.1234715974000000	  0.2171543302500000	  4.1364984123499999
                 -2.27974997272467039267
                  3.09041615322471807659
                  2.13300049432963101381
                 -2.52753009536844031047
                  1.26494760504526637668
                 -0.10237030188758326765
                  1.92149441558702371857
                 -4.34370536712503430010
                  0.95973462750828819612
                 -1.64611468796756943433
                 -0.21807673632592208812
                 -1.60612846332675585082
                 -3.49138596151990165950
                  3.56246351935161786884
                  4.16125465548988593412
                 -0.65017232862843155061
                 -0.31917841793117740501
                 -1.63216658670039382883
                  1.35766240712617536346
                 -0.51147589448757180275
                 -1.11984363993139535154
                  0.64647034455490992588
                  1.73437258733673593802
                  0.25376433136029163951
                 -9.39898118659949410869
                  6.80039101021394554181
                  2.70142814235029149472
                  4.96282615463499077180
                 -3.46377444335271844622
                 -0.14546236180769103741
                 -0.08893184297743873812
                  2.72189501558195345865
                  0.50323711743335997060
                 -0.25413862493701322443
                 -1.43007829234665795326
                 -1.65325019787220273138
                 -3.10104662328303826158
                  2.72514434394399529538
                 -0.88257353509178182449
                 -7.16926663994893065279
                  1.46646594092673487886
                  3.44445689450092817907
                 -1.10343696838805183091
                  2.14771428682902998375
                 -0.99139867366337075527
                 -3.82706254623435349060
                  3.93596767308496620075
                 -0.14907367070080831950
                 -1.73240378618002077715
                  7.01526120463743740885
                  0.04574713687831540726
                 -1.58346214613176261565
                  4.28052813249575070387
                  1.23736888548727486103
                 -1.71230762388300372656
                 -3.20048959164322832649
                  2.81221156044512765604
                  1.12896750566493953016
                 -0.70510980231873376933
                 -1.69454021549882827280
                 -1.24350614485637755990
                  2.49834239664364154976
                 -9.13163628837170726626
                 -0.65944761758295245002
                  1.24550338741969812695
                 -0.12259292397356799653
                  4.72862639578667298679
                 -3.45388433938242567223
                  0.62791788475754017895
                -12.30889667140634813336
                  3.34723960299015654840
                 -0.88648163988211881037
                 -3.45622494203669772261
                 -0.20229131857685309082
                  0.94778013411450101611
                 -2.76431473537674721186
                  8.87473895217654096257
                  0.89472197356678873081
                  0.66443753936002181160
                 -1.43675899102422643949
                 -1.23946133551340320622
                  1.07480632452349267325
                  0.66279716512074926538
                 -2.72018174759419695263
                 -0.75308008247329938367
                  1.57186426308887505776
                  1.24990638027210754224
                  0.52845792062669805222
                  1.34556815949183050662
                 -1.00163493011674553657
                 -0.25416794312450180504
                 -1.03731565628240396393
                 -0.62903486680496611960
                 -0.88973431808599534598
                 -4.95072774534116089029
                  0.71401044621753140262
                 -0.06606508038133392102
                  1.51353855473528242648
                  0.09265225331226858985
                  2.56859411935606329891
                  0.34239174757474433175
                 -0.30223522442586653325
                  1.31147848319846604959
                  0.14734950475086619481
                  0.49403311679135741841
                 -1.91995799349832974023
                  0.71239480550822653626
                 -0.07585386963240227376
                  0.79533641471169591597
                  0.36800582371443602003
                 -0.91746804706083906478
                 -0.79349580167499944583
                  1.37521653710459590414
                  0.75229868562830104484
                 -5.36550663474884181880
                  1.82533253324828037556
                  0.06057806912653141557
                  2.69518490277616606932
                  0.19582642317523710207
                  6.15513849319707517793
                  0.15499213170750905655
                  1.31324389050678691504
                  0.18955575574775898606
                  0.19399096582337993500
                  0.37537959397640979775
                 -0.66956252005254213167
                  0.12018283444991387232
                 -0.03566653734488722111
                 -0.31229827774462110002
                  0.61028650913687743085
                 -0.16604336553930090781
                  0.13019008382065888618
                  0.33653388986984089648
                 -0.54672200078882438046
                 -2.18559848536508649630
                  0.81317745312296130233
                 -0.56171215000516383498
                  0.42027286957386039701
                  2.02700660218660511092
                  0.00164349789201322831
                  1.69811223448946924108
                  4.33177990365599452360
                  6.59413725941864381497
                 -1.95068751472629009491
                  0.05111494815722692625
                 -0.90424553849556565943
                  0.85700769901872930756
                  1.82366460786504402947
                 -1.21981022462429011810
                  7.48460730995962908452
                 -1.12414442286101445845
                  0.52515820068034768653
                  1.25017067964128392177
                  1.51741640925542808915
                 -4.74749026099199422646
                  3.19672084074127837994
                 -4.81959795428430748387
                 -2.24058303423137550325
                 -0.79138341459440941783
                  4.28605402826995263155
                 -1.10056839421798402512
                 -1.59598519585622233841
                 -4.83937380235296377151
                  7.99825472097473433308
                  0.16375941966840876218
                 -5.76871147652119375948
                 -2.22222890176956422437
                 -0.20824944836475975385
                  1.73200546575429270568
                  0.99812207948916531475
                 -1.93536898644727317631
                  1.41026749415663554821
                 -0.93379088961573364358
                 -1.62009711230190123210
                  9.00774044882036406534
                 -1.88579485495531962158
                  0.27424155871724092970
                 -0.81102993254689559333
                  1.56447619126488168817
                 -3.90426801025838354775
                 -0.15708425676820031436
                 -0.03788653019184744924
                 -1.79310470696963597526
                  4.82725538180095181673
                 -0.36119034006361755429
                 -5.72797647614401483906
                 -0.08111539583383675645
                  1.32753362551892672982
                 -0.95772299416571005093
                 -0.29302839669249430843
                 -0.85924476377223912849
                  1.43437106570501704539
                 -1.23815907881268660873
                 -0.73240463246758225058
                  3.74525285947977559786
                 -1.19831717756707156752
                 -0.17468171299047785539
                 -2.11141739295339503357
                  0.68605555220249803128
                 -2.86758282220767624082
                 14.52376353211187876013
                 -6.34921118063996647862
                 22.01760022423229301580
                 -5.98066557376144558589
                  3.17939945496519671408
                  4.87524854993044165496
                 -6.20444939122532712616
                 -0.56714455988312106882
                 -5.69026564233807174986
                 10.75481555913404996261
                  6.59398893344038938835
                 -6.20363049596758031612
                 20.04436490244755475487
                  5.16463802533951454876
                  1.47671868749433832235
                 -6.01542746752937507182
                -21.64966022195009642815
                 -2.47672566999313659153
                 -4.42548739351452535828
                  1.20088749507493974811
                  0.85639436023209580817
                  0.08132100669059937059
                 -2.42396954199684833142
                 -0.63304988366720493786
                  0.42668571028160928726
                  1.56916257691344962488
                 -0.37110777458117100158
                 -0.83666184818509126142
                  0.76751870210710304576
                 -0.61858071208159948196
                 -0.44855218574366467754
                 -0.65917477083159481399
                 -0.68928128933270282896
                 -0.71240093938609838631
                  2.40793058893870570714
                 -0.70322116969946590892
                  1.08247265665774095034
                 -0.34457069756243330350
                  0.66386482879615227315
                 -1.43727162222066251474
                  0.14802824329457509034
                  0.86399447187858680053
                 -0.27400109802448707752
                  1.04600375204646178773
                  0.34034884671813397938
                 -1.30095640789114308511
                 -0.41770184275851229838
                  0.80430718815305424219
                 -0.21854826834375043476
                  0.23114555226771568708
                 -0.85744358611560089756
                  0.12297817830033107300
                  0.16637401461172574013
                  0.34120460339966579566
                  1.05745749483971995808
                 -0.15013221845331969906
                 -0.05481995172386940757
                 -0.00180871687901171144
                 -0.00437207981847177220
                 -0.83735941168909544530
                 -7.16446787681409169579
                 17.94924697464274032654
                -14.12453867547920083325
                  2.06410789238250247379
                 -1.02880885125200038921
                  2.47035866193194841856
                 -2.47472465602553270969
                  3.07910818094474869611
                  3.24696964230461038170
                -19.87421959264019477587
                  5.45809934858858447626
                 -0.24262714745546068440
                 -2.28799938188809326434
                 -3.70693679132763431738
                 14.68966517882399713812
                 -9.33841194163956167529
                 14.10900351089349058498
                  9.23034836584913875868
                  1.16475116006491208331
                 -9.92827710595214441014
                  3.17138421747026688635
                  6.12121082518891679314
                  4.07268956619440647415
                 -7.04170220917345268674
                  0.43472896776757652404
                  3.38914075047657714634
                  1.89872431291515253449
                 -0.39690746491502604254
                 -1.61827031641979202092
                 10.93112879274560178544
                 -1.55508197966235317544
                 -0.95533273981820776566
                  0.61651430619750047235
                  1.68500347281943274602
                 -6.02676903687727794079
                  4.51743528788709891586
                 -8.22300386852247200409
                 -2.82128927276992813589
                  0.06997879767255620054
                  0.73256344634124936910
                 -2.81998768723235926359
                 -0.79598037862390935704
                 -0.84972987657671195105
                  0.99521011300225803442
                 -0.37807067814065975497
                 -0.48740924020054293697
                  0.24590602419877535811
                 -0.90806831740455440372
                  0.24351578430368067685
                 -0.41222830830779350064
                  0.85177929329392487734
                 -0.13361666332107816069
                 -0.66036612600494459802
                 -0.46386600491654245149
                 -0.58920074546627898560
                  0.10457549556845818772
                 -0.10654604388043638352
                  0.55378986240154171039
                 -0.03573862878868914322
                  1.18582606591029260379
                  1.16553935946713149718
                  0.67914136760693422090
                 -1.72511926949524085906
                  1.44295882334819203230
                  0.44782028199867818241
                 -0.80615743568552133969
                 -0.77105958541593400124
                  0.28255985399348437781
                  0.40422205234013119934
                 -0.13597383977127597277
                 -0.78654609808074171795
                 -0.74715181511193440311
                 -0.65678770823921128752
                 -0.05908514249621815706
                  2.48445723147284924792
                 -0.30438459588892918806
                 -0.29856071184940319307
                 -0.51298532529541451819
                  0.16637667203771597246
                  0.32415327794629961167
                 -0.02207761986888994929
                 -0.18897305987365783930
                  2.80633021537681104363
                 -2.40338967526957025811
                 -0.35481180022662983653
                  1.95442543562175785610
                  1.53701431370888097483
                 -0.63018705237350380877
                 -0.19061016314869094757
                  0.71319176238423542813
                  1.12297310614046108590
                  0.39094897053243665708
                  0.84854658130434856833
                  0.12582349409898579973
                 -1.61293045668571211060
                  0.11475121516369320152
                 -1.39023872370127454801
                  0.17508087055899071438
                  0.05536532103532450927
                 -0.08964087579527718619
                 11.62872581285047246524
                 -6.66621549481084407773
                  7.11699768579022773451
                 -1.88549962592068443001
                 -0.14159323321975669785
                  0.70526436876546894084
                 -0.82305572579627295227
                  2.73305139073954483919
                  0.12332069091057033805
                  0.02797646450226111414
                 -3.00061700915676166090
                  0.73844973642258904256
                  1.88668948970362260198
                  0.05653868221717758824
                 -1.31477096189679154570
                  0.60402395893422755613
                  0.52439984699724928596
                 -5.99396672774383532101
                 -0.31368771347457052867
                  2.20393832289530067214
                 -0.69846860120562048735
                 -1.17919837666859828040
                 -2.97690961051724123365
                 -4.45719541456714818395
                  0.85839164145656388083
                  3.04655360112077522317
                 -0.25504893137997830532
                 -7.13525844831365141374
                 -0.62067653156481816801
                  0.36117527820883893463
                  4.05650087960623828565
                 -1.99600395333812952181
                  1.06601495787076339106
                 -0.34041359221493810994
                  2.50738951450417513200
                 -1.60784606339011082454
                 -2.30851008158183512720
                  2.34082108710629910320
                 -0.89938968882246128622
                  1.40438468728123155849
                 -1.20108360599172026006
                  1.50281350713167194399
                 -6.43898347264766002240
                 -1.79394749776655126894
                  0.41145116916875595914
                  2.61918972038293773608
                  1.17903399749986603773
                 -2.68666924244022498058
                  0.98747926513690664763
                 -6.23926714256420567040
                  1.84647508337944854517
                 -1.46822201712097477611
                 -1.38950693567181637889
                 -1.38027952948553456203
                  0.37662974052078707077
                 -2.18536552862961830357
                  3.92322333707074522025
                  2.08018902595597943161
                  0.81032273430616474919
                 -2.23610374214992102537
                 -0.26732339689724754495
                 -0.99924510489774864830
                  0.13323393863570054396
                 -1.53770809821858089883
                 -0.12204144249745586814
                  1.67435150483658001797
                  0.12395502161356972137
                 -1.06542243436737926743
                 -0.22748514288213911305
                  0.15364091229343329603
                  1.28928955122791211174
                 -0.41477044140703339670
                 -0.75586041190911545939
                  0.02525938373114500896
                  0.37781583009765340453
                  0.32709489414917591876
                 -0.13375017245412221256
                  0.14731726741973827366
                  0.04837797752136390600
                 -3.15523913934640320988
                 -0.34088713848709384369
                 -1.27061025984744779826
                 -0.22225657406392093640
                 -0.93744664496544671817
                 -0.33694563679338718210
                  1.27956782761740051058
                 -0.60937021204326902168
                 -0.34759350053722926077
                 -0.09427355203710981180
                 -0.40896130949434200685
                  0.81389202707314267649
                 -0.00334954539935641100
                 -0.21274954322661632222
                  0.96283806768548285682
                  1.82835935369105406778
                 -1.02226571598228566096
                  0.62295359460092025738
                 -0.53983520486418856699
                 -2.03449829262808101760
                  4.34503207201025443140
                 -0.19881834834723594030
                  0.68615054287023014012
                 -0.96442661809439367282
                -12.28713437472230829428
                 14.17268594645781831787
                 -0.34159100908417316944
                 -1.08320801841220815120
                  7.51222758983599359084
                  1.24306542280226839381
                 12.08052945670673672396
                  0.28928637117625721764
                 -0.21002263297652584706
                  4.81114589727302721656
                 -1.53295731651332656220
                  0.84523096382839735252
                  0.83920825439400215107
                  9.85963812703872122256
                  1.72308846007903859743
                  9.94582935253799504949
                -10.54107088691359450650
