3	2	1
20	20	
1	521
  0.2341960169500000	  0.1230964967500000	  0.2020200831500000	  1.4092060272500000
  0.2631370273500000	  0.1238466980500000	  0.2322884897500000	 -1.4092060272500000
                  6.01232098198070996631
                -10.49786152373635950141
                  1.11844677698380268183
                  3.77241869724260592278
                 -1.90352560121404446036
                  0.81079791366309150735
                 -3.87112183167608092660
                  1.37294483951972967617
                  1.72573807237646770218
                 -5.41570312565429912155
                 10.62871638797471440796
                -10.84065624194066579378
                 -4.62246863749430314527
                  3.05819263739139790559
                 -1.23618653604695327708
                 -4.50687154634151365684
                  6.71915949500972775610
                 -4.99892932184100136084
                  5.41709383175504921581
                 -1.80200941128442337913
                 -2.22406953825851649853
                  3.61606001563327961179
                 -8.41441398840145993177
                  2.11531661734917308948
                  0.47619786857552293124
                 -3.77474145173774600082
                  0.23531204766278165930
                  2.79185419172619120332
                 -1.21970263713936977190
                 -1.65333278700177621623
                  4.44173394299290169585
                  1.34584468142483015818
                 -3.46427841973477823601
                 -4.37739258994585167528
                  2.12411038074685754040
                 -0.07524282458264924811
                 -3.45502151744217123053
                  3.49953073215039722754
                  3.49517925368377957440
                  2.73008837448037988693
                 -1.92714625502956127256
                  1.88136454455298673949
                  6.98736913913794666087
                -13.37260846391663804411
                 -1.32086641203146859525
                  4.71174024440077765519
                 -2.95751498701835124905
                  0.59922728005497183368
                 -0.07158817174485143653
                  0.07479525657081205481
                 -0.83747745550134722325
                 -0.85273321488894537890
                 -0.09590549451272491199
                 -2.11924107781065140799
                 -0.37977991487681034277
                  0.74056464531636456705
                  3.44576826066386709968
                 -1.23671557895094541557
                 13.54908934809097331708
                 -0.63930962378068445506
                 11.70346463841119621918
                  3.42412718865580956162
                  7.26567168441936050982
                 -2.77445829010147049232
                 -8.71755383639794878547
                  0.35800727390338371592
                 -7.33541634406562703674
                  8.71010479860521869000
                 -2.01012502048202224003
                  8.85509511422063333441
                  5.89113632369780049203
                  3.37811314592181499705
                 -5.10835809374972704688
                  8.81773999734750013602
                 -8.01751034281983976371
                 -3.66466564492958379873
                 -0.48728543567483195709
                  4.38995726000845731818
                  2.40047443391432313575
                 -8.77149184100000312014
                -11.74264633757085007915
                  2.85132158667328816648
                 -6.67053449466392311962
                  5.87604818772991421838
                  5.64417978874920400756
                  0.92473411966833796161
                  0.21621392695328267575
                  0.35512136044489223119
                 15.74997914273290078313
                 -1.16557382381850715980
                  2.39590340861522621552
                 -7.47454243304288379335
                  0.95164928793342462576
                 -2.23303306294124537246
                  6.73616410904052465014
                  3.88876820416098567534
                 -0.82103350681494180474
                  0.56176921663114798289
                 -2.84535031434404395156
                  6.50786412176079753777
                -10.31382866826140443095
                 -1.26049955199916396964
                 -3.32128752516803338324
                  2.49556793794457654201
                  1.79164536154736220297
                 -0.40897230769369480319
                 -2.03434651337691496664
                 -0.23473676022831824195
                  8.13088572230673456431
                 -0.20509624335923337668
                  2.77701065654762357937
                 -5.37045805608485604665
                  0.47105242160470345292
                 -0.61864669700957497511
                  7.42698904254822167559
                  2.43421299106421828995
                -10.46392674048184012747
                  0.07979609414029166514
                 -5.84198192943637462093
                  2.59922888335396562454
                 -8.15408323303832816009
                 -5.45260259344616304844
                 -1.25701452887966014238
                  3.35588050008978466821
                 -1.00894316707829845292
                 -0.53567017673073524797
                 -1.81033155598434514211
                  1.07931591462418752236
                  3.58235461776251273847
                 -0.91058047877369796552
                  1.98705161541529151670
                 -3.58568250276417188616
                 -0.07788727561152891665
                  0.06421564142294225452
                  5.99894596972501759069
                  1.63686958714845665064
                 -5.60649734846754554951
                  2.31505023874139581608
                 -2.74075695682563846844
                  2.05007962969410151288
                  2.74017662154577257283
                 -1.16610606103004155187
                  0.03570961276826450925
                 -3.11927759470233301187
                 -0.88943265454501685419
                 -0.05771441249322357969
                 -1.05502853150381592506
                 -0.77471867751455791851
                 -1.87135335676158121032
                  0.57810997217207527044
                  0.73643802383942080780
                  0.86952298611400369310
                  1.55195540735077885941
                  0.29206589696353801866
                 -1.07527519825694484190
                 -1.00323309564135820793
                 -1.60692571285726004682
                 -1.01983699888467538308
                 -0.66438368362982835880
                 -2.15842750334067723372
                 -0.45917308143997731529
                 -0.28472825811253515971
                 -0.20578962311615239811
                 -1.72478471945184863579
                  7.52232361863336329577
                  0.36685043483296903011
                 -3.53346438100326487586
                 -4.29296949460898691342
                 -8.69075513391640264160
                 -2.82897300873145995936
                 -1.65903598483648284656
                  3.52840727266655562744
                 -0.11613009806215665587
                  2.18700289773867773135
                  0.92068760885350875434
                 -2.49792012232604632160
                 -4.75312943148407729410
                 -2.87540436777776164945
                  8.83742819506358934234
                  3.76013942028850189914
                 -4.71135878395573293176
                  4.26176813139177035339
                  1.49049881153134466949
                  3.67598612761177001573
                 -3.24325353686476125503
                 -0.29340182399520015055
                  2.29939986106289984136
                  1.38304019324451532569
                 12.90030041999083287863
                 -2.58105929954127555348
                  0.02818705074182461731
                 -7.04836048842326690078
                 -0.34092906975522541124
                 -1.45621813592388993364
                  6.67228722314403022153
                  2.86279376751601821738
                  7.67427395732423711650
                  1.55980796542270994109
                 -6.63626677257078245731
                  1.80040522542011771634
                -11.39945791161786914358
                  2.73888214080201031209
                 -6.58440185267504674016
                  2.46477767719927909340
                  5.61413344288906035473
                  0.87534769802009071427
                  0.38893050707178328240
                  0.34150484058282659650
                 15.17414994328902544396
                 -0.90146563162823012405
                  2.20627056927093523342
                 -7.23806632180510778340
                  0.73021284864372271173
                 -1.96721756384007839813
                  7.83695720664035544445
                  3.47361555866161886286
                 -1.24476282717489517005
                 -0.14037211462221252378
                 -1.69356020749038105322
                  6.55826289761389435995
                -25.72075698881105054738
                 10.09926130721166082083
                 -4.40499683345345527385
                -11.76112725841480255440
                 11.62109883951211308784
                  0.52952145593868471529
                 -5.92522527207354343659
                 -5.24379374226706129747
                -21.04126236937261040794
                 -6.37510436013212888895
                 -0.73325365124787544868
                 15.87872280898954713280
                  1.42526680919625414745
                  9.25348674551016081580
                 15.91033732507161602143
                  0.72258805427209638061
                 -2.13586132618045265730
                  8.12893383089724963497
                 13.94083858299358524846
                  3.44318251001570718728
                 -0.77594934284295236093
                  1.01452339830779525442
                 -1.31276928147180194095
                 -4.08630914712229209584
                  2.89077339718217940501
                 -0.33666634576025855630
                  4.64627012620221346850
                  0.84508278740300979415
                  1.55835654164718451220
                  0.46174723703721104462
                 -2.55576879134585421838
                  1.01951671756836192984
                  2.00889917172029530690
                  1.24419160379488280554
                 -8.49208619552653232176
                  1.44688700195662400816
                 -7.06837289837824567229
                  4.43186534358000816525
                  3.30180921822436745927
                 -0.51092422816670035601
                 -2.49214801756421300283
                  0.84437423109578202407
                 -0.11964028932592989107
                 -3.02246964069177614931
                  1.51763860602975597658
                  0.20084579480816666663
                  1.78856150766678534403
                  0.88339685128403699910
                  1.96228708249484840032
                  0.05162814697865675262
                 -0.99537692946918499004
                 -1.01483684891064429578
                  0.69911524453538009816
                  0.83144272004468022796
                 -3.74635031433199161555
                  0.42245867844685808246
                 -1.60805837556822872614
                  1.26540677775571519525
                  3.49278331298772659608
                  1.91579836105850431771
                  1.35613923986081386097
                 -3.07775654739966242346
                  0.07925791001216007936
                  2.80739554490785847563
                 -0.97515319860310833988
                 -1.16652700288529631578
                 -1.80758741679019752091
                 -1.43054273657105568418
                  3.56168466721112775275
                  4.64722488310809112022
                  0.16421012912866594924
                 -2.85095862190816928816
                 -1.05290796559119503861
                 -3.71870587445767908363
                  0.42989951106290469340
                 -2.14828077136182216123
                 -7.68200012274456600636
                 -2.81887839787339578024
                 -8.11241268280537930480
                 -5.20368835140628149816
                  0.58334473386974694531
                  1.33249133990819101925
                  0.70644984120263865091
                 -2.81621823302817997359
                 -0.55527313029415692469
                 -0.22294280819024359097
                 -1.39071847588862773648
                 -1.18354411044638396788
                 -1.96684666289909992898
                  1.67925138556228636944
                  0.25181356392989040494
                 -0.79331709708478181931
                  0.71190439355570112046
                -11.64983850682602373183
                  0.00640061843818232751
                  7.51661584197865639823
                  0.56579209755200576826
                 -5.00742357094514733973
                  2.80675421010970849167
                 -0.67612848910588563278
                 -1.71985433735219528373
                  1.87514243220505605336
                  0.54517674918936209760
                 -2.75143856777120410229
                  1.31043651997466548131
                  0.27689918032372706769
                  1.92526721894131513935
                  0.06967335368101890136
                 -0.64860322893747757167
                  1.31159755186594240151
                 -0.80919709698704478384
                  1.99354830231035373700
                  0.52825414081243682318
                  2.11835231754606700960
                 -2.65260154126383040918
                  2.21570467953546756945
                  1.43102935192555058563
                  2.25686327597266966904
                  3.43699447602213181696
                 -4.79735367100086662617
                 -4.90090616077637175607
                 -1.09005367665554819823
                 -0.91008004924412710945
                  3.60571692683969668991
                 -3.09317453466554415087
                  0.57551623187254619118
                 -3.22379838500196580497
                 -0.99687405544543006286
                  3.05577788573262099092
                 -1.77093738634039099544
                  0.38477955330710045256
                 -3.21099892700136457790
                 -2.45865295530866490026
                 -1.04349512935018906568
                 13.48279568682158391368
                  1.97764681201763181662
                  4.34787670835630102317
                 -4.44882012779570246153
                 -6.38703843398236870144
                 -0.90546634846755313930
                  2.31157856343040712943
                  0.41057325443688102995
                  0.42080380156373614620
                 -3.08123099715361892237
                 -0.56920111637769121860
                 -0.09237311509409765198
                 -1.25480096819253250651
                 -0.81582089622291065201
                 -2.05313784560915379984
                  0.37907259876954857436
                  0.83891460412857143947
                  0.77511244974039228417
                  1.37914866588173778972
                  1.02710799965214438778
                 -3.16165010120916889491
                 -1.11087322034077051747
                  1.68397822269762253988
                 -0.09844097791831610267
                  5.51508380441572843011
                  0.69011341731576414382
                  2.26552995317812300158
                 -0.02376986454072793631
                  0.10580126323853654424
                  3.17517822451902587133
                 -1.03299058445236480175
                 -0.27551052724102104152
                 -1.55201609246570160217
                 -0.85060707821489955904
                 -1.96186850383357058725
                  0.03505653038011514316
                  0.95585740983644762458
                  1.03842692562179572668
                 -0.72331176112371020626
                 -0.40603443876731643014
                  3.77375537905617663981
                 -0.77011007455360014351
                  1.86540072264841216843
                 -1.31908262860551883655
                 -5.15799567053091490010
                 -0.00037891329673213911
                  0.55356943875049546833
                 -0.82136133513448905674
                 -1.56427859461262763752
                 -1.70045048761150674466
                  5.92028421480867539373
                  0.28523389257298892296
                 -4.24717642567913422624
                 -3.65465666881805306687
                 -8.35792413421806834606
                 -2.52800067068436939977
                 -0.99171025911085353144
                  3.54935586522621049355
                  0.08548742000884132497
                  2.00429309396083699113
                 -0.03240994594226822428
                 -2.44015976654229849174
                 -3.29075478128521714538
                 -2.40307250383961745754
                  6.76257831996495273330
                  3.17500171423072030663
                  0.66688375808005873058
                 -1.73036218759059368111
                 -0.54583210017360217492
                  3.12934112764579142052
                 -1.09709140583124908908
                 -0.32228431172922361592
                 -1.73733467760550452930
                 -0.11391407523111202194
                  0.89083407298411754205
                  0.20289888207001852138
                  0.67273882527155559607
                 -1.79906415378503070635
                 -0.65114556128577594230
                 -2.76657893125520848443
                  2.85434660277789209459
                 -1.88957758979001755328
                 -2.46727502778333418476
                 -3.25123902153766319856
                 -4.83520521195332264597
                  3.35722337653903846189
                 -2.12694015281288484331
                 -0.50115605988032929652
                  1.23585042125572197591
                  3.40262712977008385806
                 -4.26233721715493985016
                 -0.11735095034014780824
                  1.75880225373112186738
                  1.27774963660652418618
                 10.41061070890123296806
                  2.03822255841082755623
                 -0.14223405090738056034
                 -5.96119328136180293143
                 -0.51786021248941493944
                 -1.02398563524049857065
                 10.16537265973674486474
                  2.44455756450266292745
                  2.28334973837838939303
                  0.74417646441396023693
                 -8.30621509091880838582
                 -1.96498823793195720455
                 -4.11037695724490159677
                 -2.28760322621239753360
                 -6.00700861387369133837
                  3.32710671658469792078
                  3.17959720614227681068
                 15.12520925739393184983
                  2.35193854555127046524
                  2.32724155398269072492
                 -1.60933862774646452287
                 -0.50773786834697065551
                  5.45020365772486936606
                  0.25643126480755201735
                  0.63600212590396365542
                 -4.47915233271500667911
                  0.26865416626487087504
                 -3.77930147910209957018
                  5.91721703686601330219
                -23.34053597112684030890
                 -5.72226650569558348280
                 -6.90124860618358137998
