0.000000000 25.873724975 47.37584165 68.708225955 90.000000000

r=0.30 - 2.30

1.70 19091.623614 18847.276162 18409.527907 18015.854471 17860.927095 
1.90 9276.030621 9160.625914 8952.050216 8763.404019 8688.786614 
2.10 4361.080710 4307.413748 4210.155398 4121.729338 4086.678230 
2.30 1968.036681 1943.814633 1899.869619 1859.838866 1843.962432 
2.40 1295.312807 1279.304210 1250.246874 1223.777057 1213.272940 
2.50 836.909610 826.491478 807.575404 790.331250 783.483999 
2.60 527.506173 520.862569 508.795973 497.778378 493.399914 
2.70 320.988990 316.868769 309.378403 302.524351 299.797190 
2.85 136.087039 134.231871 130.848867 127.739643 126.499603 
3.00 41.171941 40.486512 39.228553 38.062667 37.595732 
3.15 -4.541338 -4.653961 -4.869278 -5.077923 -5.163256 
3.30 -24.107172 -23.962929 -23.711448 -23.489021 -23.401657 
3.40 -29.216818 -28.998123 -28.610166 -28.260887 -28.122308 
3.50 -30.734384 -30.485547 -30.040946 -29.637930 -29.477313 
3.60 -30.123878 -29.871380 -29.417596 -29.004971 -28.839947 
3.70 -28.333456 -28.091448 -27.655986 -27.258706 -27.099435 
3.80 -25.964544 -25.740426 -25.337126 -24.968602 -24.820432 
3.90 -23.388701 -23.185736 -22.820600 -22.486507 -22.352033 
4.00 -20.827159 -20.645843 -20.320142 -20.022008 -19.901843 
4.15 -17.264180 -17.113926 -16.844549 -16.597771 -16.498251 
4.30 -14.180071 -14.056995 -13.837202 -13.635563 -13.554401 
4.50 -10.846493 -10.754789 -10.588882 -10.436531 -10.375360 
4.75 -7.771066 -7.706940 -7.590504 -7.483175 -7.440256 
5.05 -5.272905 -5.230032 -5.152608 -5.081399 -5.052698 
5.40 -3.433165 -3.405533 -3.356304 -3.311092 -3.292820 
5.80 -2.171766 -2.155090 -2.125015 -2.097118 -2.085801 
6.25 -1.349885 -1.339409 -1.321066 -1.304050 -1.297171 
6.75 -0.829936 -0.823783 -0.812734 -0.802288 -0.798094 
7.30 -0.507911 -0.504212 -0.497500 -0.491262 -0.488704 
7.90 -0.310810 -0.308614 -0.304482 -0.300653 -0.299084 
8.60 -0.184139 -0.182774 -0.180279 -0.178063 -0.177017 
9.60 -0.093811 -0.093117 -0.091859 -0.090625 -0.090125 
10.90 -0.043211 -0.042880 -0.042317 -0.041758 -0.041545 
12.50 -0.018785 -0.018699 -0.018430 -0.018223 -0.018089 
14.50 -0.007644 -0.007595 -0.007585 -0.007417 -0.007366 
17.00 -0.002951 -0.002935 -0.002891 -0.002849 -0.002819 
20.00 -0.001187 -0.001113 -0.001084 -0.001105 -0.001060 

1.70 20932.623972 20493.141895 19722.543944 19047.955670 18786.972636 
1.90 10340.434792 10129.625049 9755.336935 9423.598070 9294.131508 
2.10 4943.526054 4843.574051 4665.093170 4505.643369 4443.125820 
2.30 2268.526472 2222.517275 2140.070860 2066.108540 2037.037416 
2.40 1505.898500 1475.186108 1420.069852 1370.563013 1351.081109 
2.50 981.672038 961.465122 925.164566 892.511000 879.647393 
2.60 624.727543 611.679509 588.224127 567.089149 558.754875 
2.70 384.352164 376.137512 361.363605 348.027915 342.763711 
2.85 166.730667 162.917621 156.055032 149.843525 147.387121 
3.00 53.341132 51.851581 49.165413 46.723298 45.754869 
3.15 -2.250603 -2.574699 -3.165050 -3.710923 -3.929456 
3.30 -26.677405 -26.464704 -26.087123 -25.753636 -25.623347 
3.40 -33.369534 -32.993349 -32.319566 -31.715198 -31.476882 
3.50 -35.654916 -35.205146 -34.396930 -33.668221 -33.379816 
3.60 -35.288278 -34.819603 -33.975782 -33.212568 -32.909659 
3.70 -33.417157 -32.961150 -32.139468 -31.394589 -31.098197 
3.80 -30.778127 -30.351708 -29.583552 -28.886011 -28.607851 
3.90 -27.832481 -27.443556 -26.743745 -26.107478 -25.853348 
4.00 -24.859124 -24.510378 -23.883584 -23.313219 -23.085208 
4.15 -20.675446 -20.385692 -19.864999 -19.390830 -19.201276 
4.30 -17.020524 -16.783784 -16.357438 -15.968984 -15.813890 
4.50 -13.045623 -12.866899 -12.543815 -12.249218 -12.131864 
4.75 -9.357442 -9.231759 -9.004161 -8.796430 -8.713680 
5.05 -6.349758 -6.266132 -6.115255 -5.977445 -5.922360 
5.40 -4.131242 -4.078017 -3.982531 -3.895134 -3.860078 
5.80 -2.610539 -2.578113 -2.519675 -2.465869 -2.444218 
6.25 -1.620233 -1.600482 -1.564968 -1.532290 -1.519141 
6.75 -0.995109 -0.983278 -0.961809 -0.942048 -0.934103 
7.30 -0.608364 -0.601340 -0.588449 -0.576505 -0.571699 
7.90 -0.372016 -0.367773 -0.359946 -0.352650 -0.349705 
8.60 -0.220296 -0.217749 -0.213047 -0.208650 -0.206868 
9.60 -0.112244 -0.110919 -0.108472 -0.106197 -0.105272 
10.90 -0.051654 -0.051056 -0.049956 -0.048933 -0.048522 
12.50 -0.022432 -0.022184 -0.021725 -0.021304 -0.021126 
14.50 -0.009125 -0.009028 -0.008844 -0.008670 -0.008603 
17.00 -0.003491 -0.003453 -0.003382 -0.003318 -0.003292 
20.00 -0.001309 -0.001295 -0.001269 -0.001246 -0.001236 

1.70 22835.565750 22138.101404 20949.777626 19944.891598 19564.540715 
1.90 11473.537480 11135.125138 10547.195733 10038.882208 9843.617954 
2.10 5582.529386 5419.070228 5132.185704 4881.075057 4783.870910 
2.30 2608.088996 2531.216925 2395.479332 2275.868186 2229.381213 
2.40 1747.499615 1695.580432 1603.714399 1522.586879 1491.006624 
2.50 1150.415127 1115.825014 1054.534948 1000.299344 979.158578 
2.60 740.034381 717.394430 677.238481 641.632153 627.736522 
2.70 461.021254 446.550853 420.860080 398.036419 389.119475 
2.85 205.369018 198.450933 186.149955 175.195326 170.908566 
3.00 69.980448 67.124587 62.041617 57.504087 55.725421 
3.15 2.272621 1.504786 0.136004 -1.092323 -1.575094 
3.30 -28.367583 -28.138527 -27.732313 -27.374138 -27.234172 
3.40 -37.202845 -36.654676 -35.678262 -34.807725 -34.466015 
3.50 -40.625290 -39.921414 -38.664980 -37.540887 -37.098846 
3.60 -40.733834 -39.975805 -38.620379 -37.404869 -36.926059 
3.70 -38.916267 -38.164684 -36.819031 -35.610090 -35.133029 
3.80 -36.074448 -35.363318 -34.089122 -32.942703 -32.489569 
3.90 -32.781439 -32.127916 -30.956695 -29.901629 -29.484071 
4.00 -29.390259 -28.801125 -27.745447 -26.793473 -26.416437 
4.15 -24.546820 -24.054294 -23.171732 -22.374950 -22.059320 
4.30 -20.266752 -19.862132 -19.136419 -18.480826 -18.221272 
4.50 -15.572518 -15.265348 -14.713337 -14.214417 -14.017040 
4.75 -11.186778 -10.970197 -10.580599 -10.228060 -10.088446 
5.05 -7.593475 -7.449589 -7.191640 -6.957732 -6.864762 
5.40 -4.937190 -4.845922 -4.683063 -4.534950 -4.475842 
5.80 -3.115725 -3.060297 -2.960761 -2.869778 -2.833352 
6.25 -1.930858 -1.897384 -1.837176 -1.782107 -1.760043 
6.75 -1.184250 -1.164285 -1.128095 -1.094936 -1.081657 
7.30 -0.723103 -0.711289 -0.689648 -0.669693 -0.661693 
7.90 -0.441772 -0.434666 -0.421585 -0.409447 -0.404566 
8.60 -0.261470 -0.257225 -0.249415 -0.242142 -0.239208 
9.60 -0.133164 -0.130971 -0.126933 -0.123183 -0.121673 
10.90 -0.061225 -0.060240 -0.058429 -0.056748 -0.056069 
12.50 -0.026568 -0.026157 -0.025407 -0.024697 -0.024414 
14.50 -0.010802 -0.010638 -0.010335 -0.010053 -0.009940 
17.00 -0.004130 -0.004069 -0.003954 -0.003847 -0.003803 
20.00 -0.001550 -0.001528 -0.001484 -0.001444 -0.001429 

1.70 24745.366740 23717.598995 22030.668913 20664.237722 20160.309823 
1.90 12643.844608 12142.878090 11294.770868 10582.448832 10313.514453 
2.10 6264.715603 6018.473709 5594.936505 5232.561939 5094.206903 
2.30 2982.460837 2864.057865 2658.514454 2480.961039 2412.793072 
2.40 2018.187920 1937.229418 1796.270618 1674.134559 1627.153243 
2.50 1342.644934 1287.991721 1192.637103 1109.803368 1077.892548 
2.60 873.761173 837.468491 774.055253 718.842862 697.548231 
2.70 551.757618 528.178308 486.924178 450.933841 437.040463 
2.85 252.947010 241.316685 220.921321 203.089819 196.199663 
3.00 91.953766 86.888105 77.988626 70.201114 67.190598 
3.15 9.733359 8.123650 5.296649 2.826739 1.873171 
3.30 -28.638862 -28.540351 -28.361179 -28.192618 -28.123939 
3.40 -40.279366 -39.606517 -38.414693 -37.354149 -36.939243 
3.50 -45.296818 -44.323153 -42.598601 -41.066714 -40.468345 
3.60 -46.186136 -45.085815 -43.134486 -41.400473 -40.722871 
3.70 -44.616721 -43.496708 -41.507473 -39.738356 -39.046338 
3.80 -41.687667 -40.610344 -38.694495 -36.989111 -36.321288 
3.90 -38.107865 -37.106685 -35.324884 -33.737294 -33.115020 
4.00 -34.322109 -33.412237 -31.792684 -30.348153 -29.781576 
4.15 -28.811150 -28.043554 -26.678072 -25.458281 -24.979579 
4.30 -23.871584 -23.236626 -22.107695 -21.098074 -20.701783 
4.50 -18.398416 -17.913408 -17.050567 -16.278291 -15.975158 
4.75 -13.242577 -12.899453 -12.288430 -11.740963 -11.525762 
5.05 -8.993267 -8.765759 -8.361319 -7.997931 -7.854388 
5.40 -5.842702 -5.699481 -5.444934 -5.215274 -5.124045 
5.80 -3.682171 -3.595403 -3.440125 -3.299417 -3.243329 
6.25 -2.277854 -2.226036 -2.132602 -2.047690 -2.013819 
6.75 -1.394922 -1.364069 -1.308232 -1.257328 -1.237035 
7.30 -0.850574 -0.832326 -0.799075 -0.768576 -0.756405 
7.90 -0.519060 -0.508150 -0.488139 -0.469670 -0.462268 
8.60 -0.306983 -0.300520 -0.288635 -0.277626 -0.273195 
9.60 -0.156246 -0.152917 -0.146817 -0.141168 -0.138891 
10.90 -0.071767 -0.070278 -0.067546 -0.065015 -0.063998 
12.50 -0.031112 -0.030490 -0.029351 -0.028291 -0.027866 
14.50 -0.012642 -0.012393 -0.011939 -0.011517 -0.011347 
17.00 -0.004831 -0.004738 -0.004566 -0.004405 -0.004340 
20.00 -0.001812 -0.001777 -0.001714 -0.001653 -0.001627 

1.70 26640.705675 25191.963108 22924.819236 21181.848712 20558.051856 
1.90 13830.213096 13127.692941 11974.122437 11036.446360 10688.904199 
2.10 6980.329120 6629.969856 6040.683776 5548.666510 5363.515329 
2.30 3388.996360 3216.695721 2923.108315 2674.789418 2580.705058 
2.40 2317.190405 2197.869158 1993.716732 1820.376356 1754.567159 
2.50 1558.712393 1477.042961 1336.911875 1217.579386 1172.210825 
2.60 1026.869966 971.800230 877.136814 796.337460 765.591167 
2.70 657.800367 621.384463 558.712123 505.128007 484.728411 
2.85 310.749528 292.167276 260.144516 232.736197 222.301978 
3.00 120.366023 111.817392 97.084900 84.495945 79.708822 
3.15 20.993495 17.872370 12.520851 7.987174 6.271736 
3.30 -26.852518 -27.194662 -27.737637 -28.139491 -28.277912 
3.40 -42.085496 -41.448936 -40.297770 -39.243525 -38.825564 
3.50 -49.261473 -48.079291 -45.982361 -44.115443 -43.386519 
3.60 -51.324407 -49.878707 -47.323812 -45.064082 -44.184507 
3.70 -50.268450 -48.737431 -46.033879 -43.647904 -42.719741 
3.80 -47.424161 -45.915703 -43.252121 -40.902667 -39.988580 
3.90 -43.662694 -42.238091 -39.722685 -37.503305 -36.639573 
4.00 -39.540499 -38.230915 -35.919264 -33.878236 -33.083730 
4.15 -33.391885 -32.273956 -30.302277 -28.559266 -27.880606 
4.30 -27.782807 -26.850529 -25.208003 -23.754471 -23.188429 
4.50 -21.490339 -20.772743 -19.509914 -18.391149 -17.955383 
4.75 -15.504704 -14.994341 -14.096936 -13.300585 -12.989956 
5.05 -10.537722 -10.199502 -9.604671 -9.075288 -8.867858 
5.40 -6.841001 -6.629180 -6.255719 -5.921675 -5.790066 
5.80 -4.304835 -4.176822 -3.949890 -3.745892 -3.665205 
6.25 -2.658003 -2.582132 -2.446248 -2.323591 -2.274988 
6.75 -1.624559 -1.579863 -1.499105 -1.425909 -1.396872 
7.30 -0.989031 -0.962693 -0.914808 -0.871142 -0.853788 
7.90 -0.602806 -0.587106 -0.558416 -0.532072 -0.521558 
8.60 -0.356190 -0.346932 -0.329991 -0.314359 -0.308089 
9.60 -0.181130 -0.176397 -0.167751 -0.159768 -0.156562 
10.90 -0.083102 -0.080994 -0.077135 -0.073564 -0.072130 
12.50 -0.035988 -0.035108 -0.033503 -0.032005 -0.031407 
14.50 -0.014615 -0.014263 -0.013621 -0.013027 -0.012787 
17.00 -0.005582 -0.005450 -0.005209 -0.004983 -0.004891 
20.00 -0.002093 -0.002044 -0.001954 -0.001871 -0.001837 

1.70 28542.322043 26548.573800 23609.021690 21486.410609 20751.811908 
1.90 15023.723896 14073.313501 12568.641034 11389.373719 10960.547064 
2.10 7723.567138 7245.075271 6459.842580 5820.903807 5583.981757 
2.30 3826.720931 3586.182390 3184.413526 2851.981390 2727.745926 
2.40 2644.964539 2476.180345 2192.771730 1957.217664 1869.013465 
2.50 1799.909803 1682.714759 1485.229808 1320.590109 1258.868326 
2.60 1201.049911 1120.760130 985.180659 871.926563 829.446736 
2.70 780.946086 726.880277 635.500095 559.090081 530.431869 
2.85 380.438333 351.883420 303.629441 263.305631 248.200598 
3.00 156.589518 142.745567 119.409609 99.996114 92.747327 
3.15 37.105580 31.449093 22.002660 14.253165 11.385599 
3.30 -22.239326 -23.554142 -25.637570 -27.210221 -27.758581 
3.40 -42.008594 -41.727469 -41.108788 -40.419678 -40.119284 
3.50 -52.036819 -50.817642 -48.613167 -46.601389 -45.805093 
3.60 -55.772146 -54.052849 -51.005262 -48.295557 -47.238223 
3.70 -55.579474 -53.644110 -50.235994 -47.234056 -46.068463 
3.80 -53.058095 -51.084683 -47.619712 -44.580475 -43.402903 
3.90 -49.271029 -47.365876 -44.026256 -41.102394 -39.970693 
4.00 -44.909403 -43.131354 -40.018148 -37.294241 -36.240492 
4.15 -38.195041 -36.654051 -33.959537 -31.601706 -30.689806 
4.30 -31.934857 -30.637395 -28.371091 -26.386915 -25.619385 
4.50 -24.806380 -23.799885 -22.043974 -20.505068 -19.909396 
4.75 -17.946775 -17.227511 -15.974190 -14.873328 -14.446522 
5.05 -12.209745 -11.732856 -10.900878 -10.167565 -9.882210 
5.40 -7.921967 -7.624215 -7.102205 -6.639913 -6.459225 
5.80 -4.976906 -4.797774 -4.481790 -4.200332 -4.089866 
6.25 -3.066681 -2.961029 -2.772867 -2.604354 -2.538013 
6.75 -1.870462 -1.808649 -1.697428 -1.597340 -1.557852 
7.30 -1.136664 -1.100446 -1.034816 -0.975363 -0.951848 
7.90 -0.691785 -0.670284 -0.631155 -0.595429 -0.581231 
8.60 -0.408292 -0.395695 -0.372719 -0.351617 -0.343184 
9.60 -0.207390 -0.200997 -0.189346 -0.178622 -0.174325 
10.90 -0.095036 -0.092195 -0.087009 -0.082225 -0.080305 
12.50 -0.041107 -0.039928 -0.037767 -0.035769 -0.034967 
14.50 -0.016678 -0.016211 -0.015353 -0.014556 -0.014238 
17.00 -0.006368 -0.006191 -0.005868 -0.005569 -0.005447 
20.00 -0.002387 -0.002322 -0.002200 -0.002090 -0.002045 

1.70 30524.332214 27805.459092 24077.688695 21576.846523 20741.577964 
1.90 16231.222142 14974.277737 13069.232227 11634.746344 11122.725145 
2.10 8493.972402 7859.345459 6845.976967 6043.113895 5749.616759 
2.30 4296.875179 3971.291868 3438.851314 3008.121369 2849.350289 
2.40 3003.539672 2772.023261 2390.941492 2081.134909 1966.749881 
2.50 2068.701069 1905.574384 1635.938488 1416.110676 1334.894397 
2.60 1398.894425 1285.320557 1097.163476 943.564257 886.824023 
2.70 923.704189 845.824355 716.719256 611.329655 572.432394 
2.85 464.182513 421.644207 351.241011 293.929570 272.837841 
3.00 202.367117 180.713563 145.054872 116.246063 105.703934 
3.15 59.397312 49.701606 33.933972 21.427505 16.909706 
3.30 -13.828457 -16.963817 -21.840948 -25.450503 -26.687639 
3.40 -39.273629 -39.901433 -40.630767 -40.867894 -40.864667 
3.50 -53.010056 -52.096672 -50.286687 -48.471936 -47.716519 
3.60 -59.048351 -57.250548 -53.992370 -51.020412 -49.843441 
3.70 -60.174376 -57.928711 -53.947415 -50.411609 -49.032418 
3.80 -58.297782 -55.886339 -51.651082 -47.934122 -46.494212 
3.90 -54.706933 -52.305288 -48.108531 -44.447847 -43.034945 
4.00 -50.253981 -47.965683 -43.979668 -40.514165 -39.179386 
4.15 -43.100879 -41.077132 -37.562510 -34.513474 -33.340814 
4.30 -36.244440 -34.518939 -31.527564 -28.934017 -27.936812 
4.50 -28.293527 -26.941698 -24.601458 -22.571730 -21.790908 
4.75 -20.537093 -19.565080 -17.884438 -16.423924 -15.861263 
5.05 -13.990468 -13.344541 -12.226320 -11.250862 -10.873956 
5.40 -9.073205 -8.670736 -7.969383 -7.354616 -7.116197 
5.80 -5.690380 -5.449507 -5.026386 -4.653134 -4.507724 
6.25 -3.498494 -3.357164 -3.106628 -2.884148 -2.797114 
6.75 -2.128997 -2.046795 -1.899584 -1.768076 -1.716489 
7.30 -1.291103 -1.243235 -1.156842 -1.079083 -1.048484 
7.90 -0.784456 -0.756198 -0.704953 -0.658441 -0.640036 
8.60 -0.462351 -0.445898 -0.415986 -0.388646 -0.377763 
9.60 -0.234525 -0.226241 -0.211167 -0.197345 -0.191824 
10.90 -0.107320 -0.103656 -0.096971 -0.090820 -0.088358 
12.50 -0.046366 -0.044847 -0.042069 -0.039504 -0.038475 
14.50 -0.018795 -0.018194 -0.017090 -0.016072 -0.015664 
17.00 -0.007170 -0.006945 -0.006530 -0.006145 -0.005991 
20.00 -0.002685 -0.002602 -0.002448 -0.002304 -0.002247 

1.70 32726.328283 29013.317517 24343.000039 21461.045929 20531.235486 
1.90 17480.853836 15838.347372 13474.762387 11770.351982 11172.274456 
2.10 9298.544991 8473.623005 7196.032891 6211.134577 5855.881185 
2.30 4803.793688 4373.121551 3684.247796 3139.656490 2941.662429 
2.40 3397.110902 3086.866266 2586.627906 2189.137838 2044.495279 
2.50 2369.153048 2147.331861 1787.948350 1501.723627 1397.596670 
2.60 1624.230040 1467.281673 1212.406775 1009.361203 935.580439 
2.70 1089.551888 979.984523 802.003783 660.415774 609.071533 
2.85 564.828335 503.023179 402.925447 323.720457 295.140437 
3.00 259.915704 227.024124 174.138451 132.741599 117.929498 
3.15 89.533416 73.657471 48.511323 29.260047 22.485227 
3.30 -0.407968 -6.641311 -16.128839 -22.951999 -25.235550 
3.40 -32.914054 -35.328136 -38.648107 -40.612584 -41.148737 
3.50 -51.417457 -51.393049 -50.798966 -49.706550 -49.149441 
3.60 -60.553752 -59.048330 -56.097524 -53.189744 -51.989445 
3.70 -63.585102 -61.249936 -56.999025 -53.115241 -51.575617 
3.80 -62.778527 -60.046165 -55.196024 -50.890276 -49.211495 
3.90 -59.686396 -56.835629 -51.837490 -47.463986 -45.773534 
4.00 -55.352811 -52.556264 -47.688552 -43.463676 -41.838847 
4.15 -47.956265 -45.414231 -41.017785 -37.226189 -35.773718 
4.30 -40.604514 -38.400474 -34.602039 -31.335508 -30.086149 
4.50 -31.883511 -30.133897 -27.125876 -24.542208 -23.554410 
4.75 -23.234214 -21.965672 -19.788082 -17.915929 -17.199607 
5.05 -15.854597 -15.008388 -13.554402 -12.300010 -11.818944 
5.40 -10.278667 -9.751768 -8.840027 -8.049418 -7.745176 
5.80 -6.434907 -6.121090 -5.572839 -5.094050 -4.908879 
6.25 -3.946660 -3.763599 -3.440804 -3.156701 -3.046268 
6.75 -2.395715 -2.289884 -2.101406 -1.934318 -1.869146 
7.30 -1.449496 -1.388264 -1.278311 -1.180002 -1.141506 
7.90 -0.878994 -0.843075 -0.778223 -0.719714 -0.696660 
8.60 -0.517230 -0.496464 -0.458838 -0.424640 -0.411076 
9.60 -0.261934 -0.251556 -0.232725 -0.215533 -0.208687 
10.90 -0.119679 -0.115109 -0.106793 -0.099169 -0.096114 
12.50 -0.051638 -0.049756 -0.046303 -0.043121 -0.041855 
14.50 -0.020909 -0.020162 -0.018800 -0.017545 -0.017040 
17.00 -0.007970 -0.007692 -0.007180 -0.006705 -0.006518 
20.00 -0.002984 -0.002880 -0.002690 -0.002516 -0.002446 

1.70 35363.706160 30254.555919 24433.912494 21154.813398 20127.340115 
1.90 18827.612600 16688.547999 13792.608438 11797.812565 11107.971917 
2.10 10154.618854 9095.527856 7510.740768 6322.611977 5899.436759 
2.30 5356.320037 4795.833764 3920.020350 3243.844803 3001.473386 
2.40 3833.022349 3424.291049 2779.248276 2278.756949 2099.413257 
2.50 2707.616788 2411.187661 1940.810346 1575.329687 1444.571483 
2.60 1882.594306 1669.517479 1330.629894 1067.607502 973.746627 
2.70 1283.279558 1131.915019 891.229500 705.004358 638.782227 
2.85 686.125033 598.098972 458.735982 351.797578 314.051191 
3.00 332.073023 283.310090 206.819155 148.949691 128.754304 
3.15 129.602373 104.562656 65.942675 37.460780 27.718985 
3.30 19.523995 8.343047 -8.281968 -19.844904 -23.608553 
3.40 -21.737169 -27.250364 -34.947189 -39.712565 -41.091696 
3.50 -46.318542 -48.093765 -49.948286 -50.314001 -50.161825 
3.60 -59.550978 -58.952012 -57.134483 -54.778661 -53.690509 
3.70 -65.235873 -63.210356 -59.221730 -55.298725 -53.682836 
3.80 -66.051725 -63.244770 -58.102943 -53.390333 -51.520589 
3.90 -63.859967 -60.699979 -55.078491 -50.086194 -48.141068 
4.00 -59.933222 -56.695952 -51.026022 -46.076471 -44.167696 
4.15 -52.571968 -49.514290 -44.227706 -39.676055 -37.935301 
4.30 -44.882167 -42.170511 -37.514579 -33.533318 -32.016745 
4.50 -35.491119 -33.300347 -29.556284 -26.367867 -25.155916 
4.75 -25.986385 -24.379966 -21.641787 -19.312175 -18.427052 
5.05 -17.770763 -16.693210 -14.855933 -13.288869 -12.692571 
5.40 -11.518718 -10.847457 -9.695111 -8.707117 -8.329937 
5.80 -7.197828 -6.799728 -6.109057 -5.512259 -5.283140 
6.25 -4.402910 -4.172148 -3.767835 -3.415336 -3.279217 
6.75 -2.665245 -2.532726 -2.298219 -2.092015 -2.012051 
7.30 -1.608403 -1.532266 -1.396341 -1.275670 -1.228650 
7.90 -0.973212 -0.928863 -0.849189 -0.777768 -0.749745 
8.60 -0.571595 -0.546142 -0.500218 -0.458722 -0.442337 
9.60 -0.288911 -0.276297 -0.253481 -0.232738 -0.224505 
10.90 -0.131773 -0.126250 -0.116223 -0.107054 -0.103409 
12.50 -0.056774 -0.054508 -0.050360 -0.046546 -0.045029 
14.50 -0.022960 -0.022070 -0.020440 -0.018898 -0.018332 
17.00 -0.008747 -0.008412 -0.007800 -0.007239 -0.007012 
20.00 -0.003272 -0.003148 -0.002924 -0.002715 -0.002632 
 
1.70 38738.696683 31637.801749 24392.892705 20680.273001 19538.453899 
1.90 20359.249465 17563.385429 14038.447029 11722.052633 10930.249895 
2.10 11092.177692 9740.635458 7794.802453 6376.828512 5878.042446 
2.30 5969.221168 5247.411230 4147.296400 3318.711749 3026.209106 
2.40 4322.785691 3790.519242 2969.310948 2348.030057 2129.127690 
2.50 3093.443812 2702.181657 2094.759952 1635.152500 1473.736156 
2.60 2181.733555 1896.204657 1451.973795 1116.787223 999.566604 
2.70 1511.336313 1305.107853 984.525674 743.856854 660.130381 
2.85 832.931363 709.538322 518.835396 377.305515 328.565746 
3.00 422.428962 351.582058 243.295025 164.323156 137.516503 
3.15 182.203286 143.908638 86.443025 45.709864 32.203520 
3.30 47.814310 29.080031 1.913281 -16.292167 -22.035658 
3.40 -4.285040 -14.788374 -29.322678 -38.257733 -40.837741 
3.50 -36.568825 -41.492086 -47.541445 -50.330970 -50.834745 
3.60 -55.145638 -56.395348 -56.924489 -55.786367 -54.981975 
3.70 -64.430053 -63.356796 -60.452344 -56.935933 -55.357265 
3.80 -67.575777 -65.119348 -60.224436 -55.392029 -53.402950 
3.90 -66.806663 -63.607382 -57.699475 -52.262805 -50.105077 
4.00 -63.667427 -60.150672 -53.874491 -48.296333 -46.125251 
4.15 -56.721121 -53.206939 -47.094250 -41.805993 -39.779853 
4.30 -48.918237 -45.703280 -40.183964 -35.473686 -33.683212 
4.50 -39.014300 -36.354933 -31.829778 -28.002210 -26.554540 
4.75 -28.731731 -26.751955 -23.400023 -20.576116 -19.510532 
5.05 -19.701743 -18.363478 -16.099822 -14.191179 -13.470684 
5.40 -12.770296 -11.935291 -10.514254 -9.310174 -8.854269 
5.80 -7.964412 -7.470997 -6.622040 -5.896618 -5.620242 
6.25 -4.857682 -4.573599 -4.079585 -3.653191 -3.489651 
6.75 -2.931442 -2.769511 -2.484994 -2.236991 -2.141392 
7.30 -1.763935 -1.671603 -1.507848 -1.363568 -1.307636 
7.90 -1.064664 -1.011292 -0.915967 -0.831073 -0.797915 
8.60 -0.623949 -0.593565 -0.539007 -0.489999 -0.470718 
9.60 -0.314675 -0.299758 -0.272855 -0.248520 -0.238894 
10.90 -0.143239 -0.136750 -0.124996 -0.114287 -0.110027 
12.50 -0.061616 -0.058957 -0.054123 -0.049684 -0.047920 
14.50 -0.024892 -0.023847 -0.021954 -0.020211 -0.019512 
17.00 -0.009471 -0.009086 -0.008374 -0.007726 -0.007464 
20.00 -0.003540 -0.003398 -0.003139 -0.002897 -0.002802 

1.70 43257.475139 33290.274605 24270.285125 20063.249428 18774.983226 
1.90 22199.205942 18514.460324 14234.736522 11550.432363 10641.155533 
2.10 12154.925568 10432.643928 8056.493125 6374.408233 5790.574691 
2.30 6664.305126 5740.101580 4368.762469 3362.952163 3013.977950 
2.40 4882.944080 4194.750167 3158.303429 2395.448494 2131.775170 
2.50 3539.602183 3027.410661 2250.626023 1679.711441 1483.382382 
2.60 2532.017072 2152.940846 1576.922965 1155.566737 1011.548663 
2.70 1782.095161 1504.046371 1082.207294 775.837086 671.860799 
2.85 1011.345130 840.597534 583.441851 399.416259 337.768707 
3.00 535.386414 434.209911 283.760691 178.303016 143.587923 
3.15 250.473823 193.409467 110.200962 53.658137 35.533686 
3.30 86.668094 56.799313 14.638311 -12.491219 -20.759283 
3.40 21.172483 3.039325 -21.600712 -36.372079 -40.549435 
3.50 -20.817739 -30.806628 -43.414056 -49.826174 -51.269744 
3.60 -46.287821 -50.757291 -55.314081 -56.241062 -55.919840 
3.70 -60.354052 -61.195874 -60.549202 -58.026252 -56.621748 
3.80 -66.721477 -65.277572 -61.430981 -56.875037 -54.857976 
3.90 -68.040152 -65.245169 -59.582967 -53.960720 -51.648984 
4.00 -66.179092 -62.670358 -56.128084 -50.082554 -47.684636 
4.15 -60.145883 -56.311554 -49.527676 -43.570587 -41.272554 
4.30 -52.533608 -48.866269 -42.534701 -37.111523 -35.048651 
4.50 -42.339459 -39.207309 -33.886835 -29.404541 -27.715490 
4.75 -31.402021 -29.022947 -25.018850 -21.674649 -20.420896 
5.05 -21.606895 -19.981958 -17.255550 -14.982513 -14.131343 
5.40 -14.008468 -12.991777 -11.277247 -9.841977 -9.303120 
5.80 -8.718905 -8.119934 -7.098844 -6.236478 -5.910552 
6.25 -5.300854 -4.958427 -4.367951 -3.863668 -3.671647 
6.75 -3.187833 -2.994259 -2.656727 -2.365245 -2.253598
7.30 -1.912012 -1.802546 -1.609760 -1.441279 -1.376315
7.90 -1.150796 -1.088042 -0.976656 -0.878172 -0.839887 
8.60 -0.672750 -0.637333 -0.574080 -0.517621 -0.495503 
9.60 -0.338418 -0.321195 -0.290278 -0.262454 -0.251483 
10.90 -0.153697 -0.146264 -0.132848 -0.120667 -0.115835 
12.50 -0.065998 -0.062971 -0.057480 -0.052468 -0.050460 
14.50 -0.026622 -0.025449 -0.023304 -0.021335 -0.020546 
17.00 -0.010118 -0.009683 -0.008888 -0.008152 -0.007860 
20.00 -0.003779 -0.003615 -0.003327 -0.003059 -0.002949 

1.70 49455.427636 35350.255591 24117.601132 19329.722465 17849.730288 
1.90 24510.445251 19602.284552 14407.838190 11291.557665 10244.643223 
2.10 13402.001275 11202.118171 8306.509227 6316.910530 5637.212706 
2.30 7470.817247 6290.246489 4588.138132 3375.792057 2963.699579 
2.40 5535.532930 4649.082595 3348.313594 2419.878113 2106.112091 
2.50 4063.028437 3395.951846 2409.547214 1707.777019 1472.264476 
2.60 2946.661583 2446.641225 1706.086246 1182.769714 1008.537394 
2.70 2105.963292 1734.079951 1184.601769 799.897037 672.955132 
2.85 1228.701383 994.992723 652.704230 417.321871 340.873704 
3.00 676.115533 533.807162 328.316235 190.312620 146.399935 
3.15 338.031995 254.907018 137.311322 60.920615 37.321672 
3.30 138.593802 92.795081 29.991922 -8.681576 -20.028249 
3.40 56.588246 27.253323 -11.680799 -34.221867 -40.404507 
3.50 2.447664 -15.233844 -37.465828 -48.908852 -51.588553 
3.60 -31.810363 -41.405950 -52.205035 -56.208607 -56.582579 
3.70 -52.110488 -56.230870 -59.417760 -58.603324 -57.522098 
3.80 -62.800660 -63.328711 -61.632917 -57.849626 -55.907361 
3.90 -67.033428 -65.305304 -60.645008 -55.173789 -52.777117 
4.00 -67.064597 -64.011279 -57.709036 -51.417947 -48.838088 
4.15 -62.574606 -58.654887 -51.459670 -44.943321 -42.394793 
4.30 -55.543378 -51.534348 -44.507616 -38.416757 -36.089593 
4.50 -45.352518 -41.773751 -35.679293 -30.545140 -28.614232 
4.75 -33.930722 -31.139296 -26.461593 -22.582095 -21.136233 
5.05 -23.447579 -21.514821 -18.296991 -15.643136 -14.657298 
5.40 -15.210019 -13.995575 -11.966478 -10.288747 -9.664318 
5.80 -9.446739 -8.733015 -7.528069 -6.522865 -6.146150 
6.25 -5.723133 -5.318001 -4.625753 -4.041188 -3.820309 
6.75 -3.428469 -3.201512 -2.808991 -2.473388 -2.345707 
7.30 -2.048872 -1.921696 -1.699360 -1.506756 -1.432919 
7.90 -1.229238 -1.157001 -1.029602 -0.917834 -0.874597 
8.60 -0.716564 -0.676180 -0.604458 -0.540867 -0.516071 
9.60 -0.359405 -0.339974 -0.305251 -0.274172 -0.261966 
10.90 -0.162814 -0.154502 -0.139546 -0.126033 -0.120682 
12.50 -0.069773 -0.066412 -0.060326 -0.054784 -0.052582 
14.50 -0.028099 -0.026801 -0.024440 -0.022278 -0.021413 
17.00 -0.010664 -0.010183 -0.009313 -0.008513 -0.008192 
20.00 -0.003978 -0.003805 -0.003488 -0.003192 -0.003069 

1.70 58034.105599 37960.618156 23981.223654 18501.969402 16779.159838 
1.90 27505.561189 20891.245579 14584.135855 10953.948796 9747.228409 
2.10 14907.398835 12083.928083 8556.063905 6206.396217 5419.814162 
2.30 8424.665436 6917.289676 4809.240274 3356.853379 2875.327358 
2.40 6307.854123 5167.841226 3541.353412 2420.485988 2051.686248 
2.50 4684.515713 3818.344512 2572.472558 1718.332300 1439.731784 
2.60 3441.602280 2785.105947 1839.820882 1197.357291 989.815549 
2.70 2495.225694 2001.043815 1291.761199 815.066281 662.709573 
2.85 1493.376125 1176.589113 726.504662 430.228638 337.273827 
3.00 850.357869 652.988216 376.828536 199.751631 145.474397 
3.15 448.805641 330.187123 167.675965 67.068758 37.214258 
3.30 206.264415 138.289203 47.918214 -5.154160 -20.089849 
3.40 104.020990 58.801371 0.405401 -32.025629 -40.592464 
3.50 34.805289 5.960467 -29.708836 -47.739201 -51.932888 
3.60 -10.509805 -27.773301 -47.594416 -55.803074 -57.073364 
3.70 -38.785545 -48.022832 -57.044080 -58.745383 -58.130958 
3.80 -55.121961 -58.933669 -60.808689 -58.366766 -56.600031 
3.90 -63.265024 -63.525628 -60.859144 -55.932610 -53.520344 
4.00 -65.931429 -63.970261 -58.588089 -52.318141 -49.602958 
4.15 -63.751157 -60.097172 -52.859646 -45.925006 -43.150243 
4.30 -57.779561 -53.609917 -46.072945 -39.381818 -36.801703 
4.50 -47.955594 -43.991734 -37.180218 -31.411434 -29.241368 
4.75 -36.264673 -33.062580 -27.705916 -23.284936 -21.645717 
5.05 -25.194976 -22.938370 -19.207233 -16.161424 -15.038963 
5.40 -16.358380 -14.931725 -12.570059 -10.641869 -9.930638 
5.80 -10.137604 -9.300631 -7.901838 -6.750001 -6.322176 
6.25 -6.117863 -5.646136 -4.847985 -4.182108 -3.932585 
6.75 -3.649026 -3.387317 -2.938678 -2.559200 -2.415873 
7.30 -2.171734 -2.026564 -1.774753 -1.558673 -1.476342 
7.90 -1.298243 -1.216621 -1.073643 -0.949252 -0.901392 
8.60 -0.754331 -0.709173 -0.629447 -0.559275 -0.532043 
9.60 -0.377078 -0.355609 -0.317421 -0.283446 -0.270161 
10.90 -0.170323 -0.161232 -0.144935 -0.130273 -0.124488 
12.50 -0.072821 -0.069176 -0.062597 -0.056622 -0.054254 
14.50 -0.029272 -0.027876 -0.025339 -0.023025 -0.022102 
17.00 -0.011096 -0.010587 -0.009654 -0.008800 -0.008460 
20.00 -0.004135 -0.003951 -0.003611 -0.003298 -0.003173

1.70 69916.972052 41263.545318 23897.502414 17595.347279 15584.964176 
1.90 31462.529081 22444.586059 14785.747610 10544.871742 9158.820267 
2.10 16758.828923 13113.686026 8814.407018 6045.076328 5142.399559 
2.30 9567.491045 7641.987201 5034.714187 3306.072332 2750.134783 
2.40 7231.319010 5766.269972 3738.448037 2396.710092 1969.056865 
2.50 5428.072656 4305.587540 2739.498072 1710.568301 1385.897226 
2.60 4034.963607 3176.216817 1977.742099 1198.434596 955.232688 
2.70 2963.551374 2310.600510 1403.094480 820.461994 640.832457 
2.85 1814.351626 1388.899254 804.213546 437.365433 326.604799 
3.00 1064.052727 793.992355 428.764216 205.999967 140.463201 
3.15 586.735160 420.704827 200.887254 71.629996 34.916072 
3.30 292.287052 194.233403 68.123548 -2.255307 -21.177642 
3.40 165.444908 98.399839 14.427166 -30.059995 -41.307541 
3.50 77.743422 33.313998 -20.321858 -46.535437 -52.461441 
3.60 18.728713 -9.457326 -41.619019 -55.194612 -57.519840 
3.70 -19.549831 -36.272639 -53.531563 -58.583720 -58.549592 
3.80 -43.072634 -51.871147 -59.035483 -58.526669 -57.015337 
3.90 -56.285408 -59.743381 -60.282180 -56.312839 -53.940100 
4.00 -62.452243 -62.428252 -58.806330 -52.839628 -50.026302 
4.15 -63.475026 -60.564479 -53.751915 -46.551234 -43.569746 
4.30 -59.121312 -55.047237 -47.244024 -40.028327 -37.204598 
4.50 -50.088185 -45.836902 -38.394233 -32.013679 -29.607015 
4.75 -38.378311 -34.780830 -28.751204 -23.786255 -21.953204 
5.05 -26.839113 -24.246310 -19.983604 -16.537136 -15.277048 
5.40 -17.449142 -15.796245 -13.085139 -10.900127 -10.101654 
5.80 -10.788694 -9.819931 -8.217867 -6.916741 -6.438032 
6.25 -6.482916 -5.940763 -5.033075 -4.285632 -4.008020 
6.75 -3.847947 -3.550228 -3.044787 -2.622191 -2.463822 
7.30 -2.279522 -2.116197 -1.835302 -1.596732 -1.506438 
7.90 -1.357084 -1.266290 -1.108403 -0.972268 -0.920192 
8.60 -0.785584 -0.735944 -0.648827 -0.572753 -0.543390 
9.60 -0.391197 -0.367901 -0.326678 -0.290240 -0.276050 
10.90 -0.176119 -0.166367 -0.148960 -0.133376 -0.127252 
12.50 -0.075103 -0.071233 -0.064263 -0.057970 -0.055476 
14.50 -0.030133 -0.028659 -0.025997 -0.023577 -0.022609 
17.00 -0.011405 -0.010871 -0.009901 -0.009013 -0.008657 
20.00 -0.004246 -0.004055 -0.003703 -0.003380 -0.003252 

1.70 86302.048155 45393.882207 23889.745982 16616.839276 14295.162633 
1.90 36751.286224 24320.832224 15026.554062 10069.742370 8493.382778 
2.10 19061.473373 14323.879644 9086.165091 5835.160057 4811.560077 
2.30 10945.153914 8484.070003 5264.639101 3223.708010 2590.971060 
2.40 8339.750875 6458.760538 3938.653886 2348.295324 1859.997171 
2.50 6319.235373 4867.771766 2909.172901 1683.930407 1311.797389 
2.60 4745.791815 3626.856943 2118.226894 1185.298264 905.330999 
2.70 3524.896121 2667.375254 1517.007056 815.332448 607.542681 
2.85 2200.299373 1634.456938 884.460036 438.017550 308.812218 
3.00 1322.609817 958.227339 483.038652 208.441398 131.193010 
3.15 755.217828 527.257452 236.126053 74.102624 30.218521 
3.30 398.778283 261.079040 90.005810 -0.378567 -23.493611 
3.40 242.387885 146.352289 29.898469 -28.654798 -42.736247 
3.50 132.356896 67.024910 -9.695508 -45.571555 -53.341489 
3.60 56.683273 13.664891 -34.592009 -54.609345 -58.068958 
3.70 6.142240 -20.910723 -49.130989 -58.303905 -58.905155 
3.80 -26.277674 -42.108975 -56.514038 -58.481068 -57.262040 
3.90 -45.843768 -53.952127 -59.074891 -56.438229 -54.128669 
4.00 -56.465546 -59.395950 -58.492752 -53.083184 -50.185945 
4.15 -61.672414 -60.081908 -54.229457 -46.896032 -43.713132 
4.30 -59.545624 -55.876973 -48.088293 -40.410779 -37.344046 
4.50 -51.761237 -47.339802 -39.365777 -32.388347 -29.743158 
4.75 -40.296931 -36.319326 -29.624445 -24.108633 -22.079377 
5.05 -28.405412 -25.456443 -20.641633 -16.783571 -15.384247 
5.40 -18.500879 -16.600226 -13.520483 -11.071229 -10.184952 
5.80 -11.411485 -10.297297 -8.481116 -7.027590 -6.498210 
6.25 -6.824850 -6.205408 -5.183888 -4.354446 -4.049308 
6.75 -4.029064 -3.692209 -3.129002 -2.663992 -2.491184 
7.30 -2.374392 -2.191706 -1.882048 -1.621941 -1.524195 
7.90 -1.406600 -1.306654 -1.134498 -0.987494 -0.931613 
8.60 -0.810403 -0.756851 -0.662972 -0.581672 -0.550466 
9.60 -0.401864 -0.377038 -0.333208 -0.294736 -0.279828 
10.90 -0.180359 -0.169992 -0.151709 -0.135431 -0.129055 
12.50 -0.076664 -0.072611 -0.065368 -0.058855 -0.056281 
14.50 -0.030676 -0.029163 -0.026424 -0.023945 -0.022948 
17.00 -0.011589 -0.011045 -0.010060 -0.009152 -0.008791 
20.00 -0.004311 -0.004124 -0.003760 -0.003434 -0.003307 

1.70 108750.097243 50468.563232 23967.045388 15566.333498 12943.816272 
1.90 43863.091176 26572.004408 15309.173363 9532.473127 7769.000960 
2.10 21943.870396 15740.719179 9369.089715 5579.015348 4436.572828 
2.30 12606.218917 9459.888776 5495.364905 3110.470456 2402.366214 
2.40 9669.766111 7256.988285 4138.271112 2275.410474 1727.589626 
2.50 7385.892601 5512.627753 3077.976149 1638.223542 1219.476990 
2.60 5595.119634 4141.785359 2258.068114 1157.529454 841.419245 
2.70 4194.477940 3074.076783 1630.671362 799.137937 563.633640 
2.85 2660.304239 1914.209205 965.005245 431.590400 284.202174 
3.00 1631.387899 1145.847725 537.943417 206.512302 117.704626 
3.15 957.434183 649.690998 272.118804 73.992179 23.029705 
3.30 527.679545 338.575825 112.628176 0.061956 -27.185703 
3.40 336.274095 202.394188 46.058722 -28.171673 -45.038956 
3.50 199.691250 106.832299 1.553286 -45.160296 -54.733949 
3.60 104.106304 41.345083 -27.013948 -54.315673 -58.874857 
3.70 38.815161 -2.168302 -44.249028 -58.135123 -59.340884 
3.80 -4.385416 -29.859419 -53.575460 -58.424913 -57.470513 
3.90 -31.716516 -46.344783 -57.507618 -56.474192 -54.202949 
4.00 -47.841056 -55.047445 -57.868755 -53.188984 -50.185573 
4.15 -58.304989 -58.797080 -54.457523 -47.068672 -43.665786 
4.30 -59.065376 -56.222840 -48.730215 -40.614493 -37.289597 
4.50 -53.015489 -48.596692 -40.181408 -32.597126 -29.702261 
4.75 -42.061936 -37.747102 -30.381958 -24.293765 -22.061055 
5.05 -29.921765 -26.614445 -21.216276 -16.927556 -15.384922 
5.40 -19.529817 -17.371969 -13.897262 -11.171904 -10.195979 
5.80 -12.014853 -10.749547 -8.704275 -7.092818 -6.512259 
6.25 -7.148137 -6.449916 -5.308028 -4.394808 -4.062284 
6.75 -4.194190 -3.818991 -3.195910 -2.688407 -2.501516 
7.30 -2.457340 -2.256478 -1.917748 -1.636619 -1.531788 
7.90 -1.448580 -1.339737 -1.153621 -0.996348 -0.936978 
8.60 -0.830989 -0.773080 -0.672873 -0.586868 -0.554060 
9.60 -0.409942 -0.383610 -0.337520 -0.297377 -0.281882 
10.90 -0.183092 -0.172376 -0.153409 -0.136629 -0.130081 
12.50 -0.077582 -0.073437 -0.066019 -0.059372 -0.056755 
14.50 -0.030968 -0.029426 -0.026658 -0.024150 -0.023154 
17.00 -0.011678 -0.011131 -0.010139 -0.009232 -0.008873 
20.00 -0.004337 -0.004145 -0.003791 -0.003468 -0.003338 

1.70 139309.359844 56572.093313 24124.653922 14440.922662 11568.833238 
1.90 53462.532445 29243.359159 15623.278069 8936.796164 7007.025160 
2.10 25578.330380 17382.261636 9652.778815 5279.642796 4029.042358 
2.30 14599.530084 10580.769117 5718.995130 2967.758630 2190.385186 
2.40 11255.833362 8168.489690 4330.565062 2178.835874 1576.137967 
2.50 8653.135869 6244.386278 3240.195241 1573.766566 1111.940684 
2.60 6600.472473 4722.778705 2392.448238 1115.123971 765.551528 
2.70 4984.215806 3530.871740 1740.053288 771.662135 510.470288 
2.85 3200.276790 2227.125780 1042.801031 417.698964 253.454752 
3.00 1993.001549 1355.513640 591.209244 199.773804 100.274499 
3.15 1194.359092 786.749427 307.193782 70.869550 13.398795 
3.30 679.144502 425.677848 134.765893 -1.321909 -32.323729 
3.40 446.944035 265.625677 61.913324 -28.964148 -48.326985 
3.50 279.407112 151.969132 12.616126 -45.618913 -56.772003 
3.60 160.581663 72.931573 -19.543088 -54.595239 -60.079331 
3.70 78.037084 19.401047 -39.423066 -58.325331 -59.998506 
3.80 22.185033 -15.593303 -50.659836 -58.575176 -57.776976 
3.90 -14.297170 -37.322574 -55.942066 -56.609780 -54.290468 
4.00 -36.940460 -49.725448 -57.232807 -53.321221 -50.142389 
4.15 -53.682558 -56.981822 -54.661601 -47.201617 -43.528549 
4.30 -57.941036 -56.301403 -49.341832 -40.746111 -37.126349 
4.50 -54.057385 -49.768165 -40.962946 -32.719961 -29.551004 
4.75 -43.831089 -39.175205 -31.104752 -24.397779 -21.946811 
5.05 -31.503457 -27.792227 -21.758899 -17.006399 -15.312239 
5.40 -20.612284 -18.155667 -14.247134 -11.225978 -10.156270 
5.80 -12.645588 -11.202999 -8.906579 -7.127255 -6.493703 
6.25 -7.480665 -6.689732 -5.417094 -4.415817 -4.055253 
6.75 -4.360298 -3.939690 -3.252519 -2.700991 -2.499879 
7.30 -2.538253 -2.315904 -1.946658 -1.644138 -1.532295 
7.90 -1.487304 -1.368767 -1.168343 -1.000890 -0.938144 
8.60 -0.848283 -0.786519 -0.680045 -0.589549 -0.555265 
9.60 -0.416204 -0.388558 -0.340378 -0.298741 -0.282776 
10.90 -0.185110 -0.173946 -0.154424 -0.137257 -0.130590 
12.50 -0.078127 -0.073882 -0.066353 -0.059640 -0.057007 
14.50 -0.031077 -0.029532 -0.026755 -0.024255 -0.023269 
17.00 -0.011687 -0.011144 -0.010164 -0.009273 -0.008921 
20.00 -0.004332 -0.004142 -0.003796 -0.003479 -0.003351 

1.70 180703.984463 63739.825889 24345.539984 13241.333385 10208.233535 
1.90 66416.026428 32374.006773 15945.322107 8288.140155 6230.297532 
2.10 30199.402142 19257.895918 9918.712670 4941.286263 3602.021928 
2.30 16980.370572 11852.567509 5923.766893 2797.921387 1962.192904 
2.40 13135.263343 9196.164145 4506.186172 2060.157940 1410.865044 
2.50 10149.591945 7063.318392 3388.340689 1491.548522 992.947076 
2.60 7782.874305 5368.311457 2515.325283 1058.624333 680.391042 
2.70 5908.783904 4035.223802 1840.257572 733.127114 449.903177 
2.85 3827.889151 2570.195904 1114.269184 396.264066 217.588511 
3.00 2411.006067 1584.448831 640.224229 187.993684 79.409419 
3.15 1467.449385 936.150844 339.448281 64.440613 1.527659 
3.30 853.675310 520.616058 155.033175 -4.833738 -38.879285 
3.40 574.607955 334.578305 76.338993 -31.325540 -52.639930 
3.50 371.559851 201.222761 22.580695 -47.223154 -59.537533 
3.60 226.076965 107.423618 -12.922478 -55.702262 -61.788433 
3.70 123.717032 42.969700 -35.260343 -59.105583 -60.995699 
3.80 53.298990 0.002557 -48.265372 -59.139639 -58.302287 
3.90 6.249060 -27.457730 -54.788645 -57.030338 -54.509766 
4.00 -23.947647 -43.908787 -56.924517 -53.644256 -50.169198 
4.15 -48.000064 -55.005703 -55.099513 -47.431001 -43.402272 
4.30 -56.363542 -56.400554 -50.120914 -40.917728 -36.941902 
4.50 -55.055119 -51.062890 -41.851455 -32.842984 -29.360060 
4.75 -45.729630 -40.745110 -31.887523 -24.482605 -21.789453 
5.05 -33.227793 -29.080163 -22.330110 -17.062083 -15.202998 
5.40 -21.791653 -19.006357 -14.607684 -11.260646 -10.090074 
5.80 -13.327597 -11.690204 -9.110930 -7.147969 -6.457861 
6.25 -7.835290 -6.943930 -5.524944 -4.427996 -4.037686 
6.75 -4.533826 -4.065462 -3.307175 -2.708159 -2.492048 
7.30 -2.620909 -2.376579 -1.973806 -1.648416 -1.529217 
7.90 -1.526483 -1.397682 -1.181723 -1.003493 -0.937247 
8.60 -0.865917 -0.799443 -0.686293 -0.591129 -0.555327 
9.60 -0.422188 -0.393036 -0.342697 -0.299566 -0.283129 
10.90 -0.186686 -0.175227 -0.155160 -0.137635 -0.130861 
12.50 -0.078481 -0.074180 -0.066560 -0.059801 -0.057161 
14.50 -0.031113 -0.029566 -0.026805 -0.024322 -0.023341 
17.00 -0.011665 -0.011131 -0.010169 -0.009297 -0.008951 
20.00 -0.004309 -0.004129 -0.003793 -0.003487 -0.003365 

1.70 236576.319237 71941.063352 24602.429871 11978.142590 8896.065025 
1.90 83865.750233 35996.486639 16239.351839 7595.306758 5460.900398 
2.10 36145.067782 21369.223014 10141.631883 4569.909000 3168.790640 
2.30 19814.422053 13276.363495 6095.293104 2604.419670 1725.400210 
2.40 15343.904923 10338.828592 4654.237187 1921.882536 1237.440612 
2.50 11900.768749 7966.089247 3514.038133 1393.319233 866.672177 
2.60 9160.463865 6073.859125 2620.170420 989.200383 588.974626 
2.70 6979.062657 4582.237058 1926.134672 684.269366 384.108161 
2.85 4547.014671 2938.825916 1175.751483 367.584176 177.877103 
3.00 2885.634547 1828.811079 682.366306 171.213525 55.810747 
3.15 1775.528485 1094.894192 366.994048 54.607613 -12.236246 
3.30 1049.743864 621.137420 172.064542 -10.637542 -46.716755 
3.40 717.743270 407.414005 88.232453 -35.438613 -57.930562 
3.50 474.705396 253.099916 30.552864 -50.161435 -63.042404 
3.60 299.262495 143.608137 -7.879313 -57.822166 -64.051960 
3.70 174.669150 67.549501 -32.354719 -60.652837 -62.405099 
3.80 87.927563 16.119649 -46.879153 -60.283627 -59.131296 
3.90 29.041761 -17.415166 -54.448805 -57.887928 -54.950635 
4.00 -9.611679 -38.147123 -57.276315 -54.296352 -50.355866 
4.15 -41.841924 -53.286029 -56.024085 -47.874871 -43.371496 
4.30 -54.786906 -56.840836 -51.261818 -41.228870 -36.812214 
4.50 -56.335745 -52.709811 -42.986050 -33.044508 -29.192634 
4.75 -47.984485 -42.609979 -32.824058 -24.605793 -21.637425 
5.05 -35.249667 -30.574930 -22.990209 -17.134314 -15.091608 
5.40 -23.167415 -19.982316 -15.016385 -11.301923 -10.020318 
5.80 -14.120297 -12.245271 -9.340181 -7.171403 -6.419351 
6.25 -8.246797 -7.232276 -5.645361 -4.441493 -4.018622 
6.75 -4.735439 -4.207786 -3.368183 -2.716117 -2.483546 
7.30 -2.717114 -2.445245 -2.004215 -1.653211 -1.525918 
7.90 -1.571638 -1.430483 -1.196809 -1.006464 -0.936332 
8.60 -0.885624 -0.814194 -0.693403 -0.592950 -0.555444 
9.60 -0.428977 -0.398209 -0.345382 -0.300536 -0.283548 
10.90 -0.188700 -0.176744 -0.156038 -0.138088 -0.131183 
12.50 -0.078960 -0.074559 -0.066822 -0.059998 -0.057340 
14.50 -0.031179 -0.029633 -0.026871 -0.024400 -0.023432 
17.00 -0.011655 -0.011131 -0.010184 -0.009325 -0.008989 
20.00 -0.004302 -0.004122 -0.003795 -0.003499 -0.003383 

1.70 311858.877606 81064.291141 24859.374351 10674.934378 7659.304173 
1.90 107328.948547 40133.387204 16458.376062 6871.194952 4718.096978 
2.10 43882.440243 23712.168366 10291.988700 4173.297380 2741.620531 
2.30 23194.856836 14849.857419 6218.375861 2391.798380 1487.357190 
2.40 17927.438311 11592.573904 4763.717208 1767.400984 1061.454002 
2.50 13939.349615 8946.762458 3609.163229 1281.564294 737.320258 
2.60 10758.372104 6832.670822 2700.858664 908.637592 494.429943 
2.70 8212.523230 5165.347878 1992.983207 626.341479 315.384314 
2.85 5366.155007 3327.488094 1224.006232 332.353171 135.732509 
3.00 3420.391614 2084.257662 715.357637 149.776279 30.312161 
3.15 2119.639942 1259.707666 388.212424 41.501438 -27.428154 
3.30 1267.395900 724.844107 184.700148 -18.724532 -55.600912 
3.40 876.138379 482.201732 96.660759 -41.342867 -64.063795 
3.50 588.540235 306.050874 35.779087 -54.503507 -67.221753 
3.60 379.823884 180.241344 -5.024904 -61.042059 -66.853128 
3.70 230.598157 92.139074 -31.204438 -63.062591 -64.241847 
3.80 125.799318 31.947582 -46.909377 -62.104845 -60.299463 
3.90 53.826128 -7.854718 -55.258714 -59.278428 -55.660477 
4.00 5.823136 -32.981064 -58.566561 -55.368986 -50.755975 
4.15 -35.438721 -52.228357 -57.647128 -48.615531 -43.492075 
4.30 -53.425686 -57.930646 -52.927612 -41.751566 -36.790588 
4.50 -58.084966 -54.926977 -44.483691 -33.383303 -29.095299 
4.75 -50.734531 -44.914271 -33.993472 -24.811824 -21.527776 
5.05 -37.654256 -32.366787 -23.790176 -17.254477 -15.005033 
5.40 -24.785169 -21.137224 -15.504958 -11.370674 -9.965261 
5.80 -15.047173 -12.899139 -9.613628 -7.210843 -6.389897 
6.25 -8.726940 -7.572433 -5.789960 -4.464555 -4.005351 
6.75 -4.970531 -4.376761 -3.442509 -2.729908 -2.478817 
7.30 -2.829928 -2.527751 -2.042063 -1.661609 -1.525087 
7.90 -1.625814 -1.470622 -1.216120 -1.011664 -0.937026 
8.60 -0.910494 -0.832741 -0.702855 -0.596104 -0.556574 
9.60 -0.437916 -0.405063 -0.349174 -0.302192 -0.284517 
10.90 -0.191398 -0.178942 -0.157397 -0.138862 -0.131771 
12.50 -0.079717 -0.075201 -0.067276 -0.060333 -0.057641 
14.50 -0.031357 -0.029791 -0.027012 -0.024536 -0.023569 
17.00 -0.011684 -0.011161 -0.010224 -0.009380 -0.009047 
20.00 -0.004300 -0.004123 -0.003806 -0.003519 -0.003405 

1.70 413251.888270 90906.511897 25071.657824 9366.525555 6516.468274 
1.90 138813.907720 44790.678563 16545.912651 6132.218637 4016.990278 
2.10 54047.230320 26279.708634 10339.053181 3760.704305 2330.840771 
2.30 27261.180954 16568.892032 6278.968736 2165.446075 1254.563504 
2.40 20940.221588 12952.478219 4824.974363 1600.798373 887.956196 
2.50 16297.575640 9998.130081 3666.915394 1159.355814 608.772885 
2.60 12601.087149 7636.724304 2752.468174 819.224342 399.709017 
2.70 9625.594729 5777.099708 2037.152208 561.029974 245.954284 
2.85 6290.971062 3730.393223 1256.612158 291.612966 92.578872 
3.00 4015.933618 2346.521827 737.541618 124.302920 3.802710 
3.15 2498.496177 1427.502411 401.948061 25.473741 -43.510603 
3.30 1504.848555 829.531999 192.123260 -28.911509 -65.220828 
3.40 1048.037685 557.191017 100.971427 -48.929149 -70.831233 
3.50 711.446733 358.688533 37.735501 -60.192514 -71.941707 
3.60 466.314529 216.223499 -4.782327 -65.341328 -70.111552 
3.70 290.224028 115.863347 -32.153293 -66.338662 -66.463350 
3.80 165.795503 46.785843 -48.637086 -64.623018 -61.790318 
3.90 79.646423 0.658564 -57.449564 -61.231341 -56.640532 
4.00 21.553413 -28.870053 -60.986628 -56.897094 -51.382244 
4.15 -29.402907 -52.174171 -60.114429 -49.690775 -43.786115 
4.30 -52.744489 -59.927803 -55.230754 -42.522640 -36.902605 
4.50 -60.625359 -57.895522 -46.425386 -33.892152 -29.093455 
4.75 -54.192875 -47.777363 -35.450790 -25.127194 -21.482357 
5.05 -40.582072 -34.529662 -24.765630 -17.442117 -14.959991 
5.40 -26.734049 -22.514430 -16.095560 -11.480259 -9.936534 
5.80 -16.160543 -13.676252 -9.944719 -7.274934 -6.377057 
6.25 -9.305279 -7.977962 -5.966796 -4.502577 -4.002588 
6.75 -5.256336 -4.579961 -3.534951 -2.752833 -2.480758 
7.30 -2.968823 -2.628394 -2.090238 -1.675618 -1.528482 
7.90 -1.693175 -1.520587 -1.241390 -1.020310 -0.940392 
8.60 -0.941567 -0.856519 -0.715666 -0.601321 -0.559330 
9.60 -0.449644 -0.414299 -0.354597 -0.304910 -0.286344 
10.90 -0.195377 -0.182136 -0.159469 -0.140127 -0.132763 
12.50 -0.080962 -0.076248 -0.068038 -0.060897 -0.058128 
14.50 -0.031711 -0.030107 -0.027270 -0.024762 -0.023785 
17.00 -0.011773 -0.011250 -0.010312 -0.009469 -0.009137 
20.00 -0.004325 -0.004150 -0.003838 -0.003553 -0.003439
