0.000000000 25.873724975 47.37584165 68.708225955 90.000000000

r=0.30 - 2.30

1.70 19008.84172 18764.94113 18327.97709 17935.01061 17780.36231
1.90 9232.65208 9117.54844 8909.5169 8721.36892 8646.95076
2.10 4339.61879 4286.13104 4189.19839 4101.0716 4066.14028
2.30 1957.90393 1933.77667 1890.00745 1850.1382 1834.32633
2.40 1288.45819 1272.51783 1243.58587 1217.23112 1206.77321
2.50 832.32008 821.9495 803.12093 785.9578 779.14298
2.60 524.46222 517.85224 505.84638 494.8849 490.52887
2.70 318.9903 314.89307 307.44442 300.6286 297.91675
2.85 135.0432 133.20027 129.84046 126.7524 125.52092
3.00 40.63808 39.95963 38.71412 37.55964 37.0974
3.15 -4.80849 -4.91736 -5.12635 -5.32897 -5.41176
3.30 -24.23853 -24.09252 -23.83755 -23.61203 -23.52335
3.40 -29.2981 -29.07836 -28.68824 -28.33692 -28.19758
3.50 -30.78469 -30.53523 -30.08921 -29.68499 -29.52389
3.60 -30.15535 -29.90226 -29.44782 -29.03442 -28.86901
3.70 -28.35354 -28.11126 -27.67526 -27.27758 -27.11812
3.80 -25.97787 -25.75369 -25.35 -24.9811 -24.83285
3.90 -23.39824 -23.19493 -22.82969 -22.49547 -22.36087
4.00 -20.83432 -20.65287 -20.3271 -20.02883 -19.90859
4.15 -17.26943 -17.11921 -16.84981 -16.60294 -16.5034
4.30 -14.18381 -14.06152 -13.8416 -13.6399 -13.55874
4.50 -10.85014 -10.75862 -10.59281 -10.44028 -10.37909
4.75 -7.77421 -7.71025 -7.59375 -7.48644 -7.44349
5.05 -5.27536 -5.23268 -5.15517 -5.08389 -5.05528
5.40 -3.43476 -3.40732 -3.35826 -3.31297 -3.29478
5.80 -2.17318 -2.15642 -2.12636 -2.09852 -2.08712
6.25 -1.35066 -1.34039 -1.32198 -1.30501 -1.29811
6.75 -0.83051 -0.82429 -0.81317 -0.80288 -0.79866
7.30 -0.50819 -0.50465 -0.49792 -0.4916 -0.48913
7.90 -0.31101 -0.30882 -0.30475 -0.30091 -0.29932
8.60 -0.18424 -0.18284 -0.18047 -0.1781 -0.1772
9.60 -0.09386 -0.09317 -0.0919 -0.09071 -0.09015
10.90 -0.04323 -0.04296 -0.04239 -0.04184 -0.04161
12.50 -0.01886 -0.01871 -0.01846 -0.01822 -0.0181
14.50 -0.00772 -0.00763 -0.00755 -0.00738 -0.00737
17.00 -0.00293 -0.00298 -0.00293 -0.00281 -0.00284
20.00 -0.00118 -0.00104 -0.00111 -0.00105 -0.00109

1.70 20843.46813 20404.66576 19635.24816 18961.69702 18701.11791
1.90 10292.22353 10081.92378 9708.5585 9377.66144 9248.53054
2.10 4918.88253 4819.25811 4641.37503 4482.47234 4420.17299
2.30 2256.48941 2210.66811 2128.56395 2054.91395 2025.96726
2.40 1497.61085 1467.03666 1412.17105 1362.89265 1343.50175
2.50 976.01892 955.91187 919.79176 887.30255 874.50417
2.60 620.90563 607.92879 584.60149 563.58303 555.29497
2.70 381.79073 373.62593 358.94175 345.68756 340.45573
2.85 165.34672 161.56238 154.75141 148.58656 146.1487
3.00 52.60617 51.13283 48.47553 46.05969 45.10169
3.15 -2.63491 -2.95013 -3.5246 -4.05605 -4.26893
3.30 -26.8762 -26.65871 -26.27258 -25.93127 -25.79792
3.40 -33.49737 -33.11803 -32.43855 -31.82904 -31.58874
3.50 -35.73734 -35.28547 -34.47356 -33.74151 -33.45178
3.60 -35.34185 -34.87181 -34.02562 -33.26021 -32.95643
3.70 -33.45255 -32.99576 -32.17245 -31.42611 -31.1291
3.80 -30.8023 -30.37526 -29.60602 -28.90751 -28.62894
3.90 -27.84949 -27.46019 -26.75976 -26.12281 -25.86832
4.00 -24.87171 -24.52273 -23.89546 -23.32463 -23.09642
4.15 -20.68435 -20.39443 -19.87343 -19.39895 -19.20928
4.30 -17.02737 -16.79047 -16.364 -15.97537 -15.82016
4.50 -13.0511 -12.8723 -12.549 -12.25425 -12.13692
4.75 -9.36175 -9.23607 -9.00835 -8.80047 -8.71777
5.05 -6.35311 -6.2694 -6.1185 -5.98071 -5.9255
5.40 -4.13368 -4.08037 -3.98487 -3.89748 -3.86244
5.80 -2.61228 -2.57986 -2.52138 -2.46747 -2.44587
6.25 -1.62138 -1.60163 -1.56598 -1.53337 -1.52025
6.75 -0.99592 -0.98409 -0.96251 -0.94269 -0.93485
7.30 -0.60878 -0.6018 -0.5889 -0.57693 -0.57219
7.90 -0.37237 -0.36808 -0.36025 -0.35296 -0.34999
8.60 -0.22046 -0.21786 -0.21327 -0.2088 -0.20703
9.60 -0.1124 -0.11101 -0.10856 -0.10632 -0.10543
10.90 -0.05167 -0.05112 -0.04997 -0.04896 -0.04856
12.50 -0.02245 -0.02218 -0.02177 -0.02132 -0.02112
14.50 -0.00909 -0.009 -0.0089 -0.00868 -0.00865
17.00 -0.00346 -0.00348 -0.00331 -0.00331 -0.00329
20.00 -0.00136 -0.00131 -0.00127 -0.00129 -0.00127

1.70 22740.46387 22043.8932 20857.06476 19853.44345 19473.57629
1.90 11420.37571 11082.7169 10496.14742 9989.07263 9794.30185
2.10 5554.41285 5391.48285 5105.55934 4855.3252 4758.46996
2.30 2593.87591 2517.32702 2382.17362 2263.09144 2216.81436
2.40 1737.54111 1685.86574 1594.43811 1513.70689 1482.28341
2.50 1143.49941 1109.0897 1048.12271 994.17845 973.15276
2.60 735.27191 712.76319 672.84159 637.44615 623.6336
2.70 457.76747 443.39108 417.86801 395.19506 386.33727
2.85 203.55671 196.69433 184.49272 173.62708 169.37517
3.00 68.98571 66.16224 61.13677 56.65067 54.89204
3.15 1.73327 0.98381 -0.35221 -1.5514 -2.02287
3.30 -28.65778 -28.41845 -27.99388 -27.61945 -27.4731
3.40 -37.39462 -36.83948 -35.85072 -34.96917 -34.62317
3.50 -40.75249 -40.04386 -38.77905 -37.64756 -37.20259
3.60 -40.81868 -40.05754 -38.69645 -37.47591 -36.99514
3.70 -38.97366 -38.21997 -36.8705 -35.65815 -35.17979
3.80 -36.11399 -35.40147 -34.12471 -32.97596 -32.52191
3.90 -32.80953 -32.155 -30.98193 -29.92533 -29.50718
4.00 -29.41074 -28.82106 -27.76414 -26.81098 -26.43349
4.15 -24.56066 -24.06776 -23.18445 -22.38696 -22.07107
4.30 -20.27698 -19.8721 -19.14589 -18.48984 -18.23017
4.50 -15.58003 -15.27273 -14.72039 -14.22121 -14.02372
4.75 -11.19242 -10.9758 -10.58598 -10.23325 -10.09354
5.05 -7.5977 -7.45383 -7.19567 -6.96164 -6.86867
5.40 -4.9403 -4.84896 -4.68601 -4.53779 -4.47868
5.80 -3.11784 -3.06235 -2.96276 -2.87177 -2.83532
6.25 -1.93221 -1.89876 -1.83858 -1.78343 -1.76134
6.75 -1.18517 -1.16511 -1.12894 -1.09579 -1.08248
7.30 -0.72366 -0.71182 -0.6902 -0.67027 -0.66225
7.90 -0.44219 -0.435 -0.42189 -0.40972 -0.40493
8.60 -0.26167 -0.25748 -0.24963 -0.2424 -0.23946
9.60 -0.13328 -0.1311 -0.12705 -0.12335 -0.12181
10.90 -0.06125 -0.06026 -0.05846 -0.0568 -0.05608
12.50 -0.0266 -0.02616 -0.02546 -0.02473 -0.02447
14.50 -0.01084 -0.01061 -0.01032 -0.01007 -0.00998
17.00 -0.00411 -0.00404 -0.00396 -0.00385 -0.0038
20.00 -0.0016 -0.00153 -0.00146 -0.0015 -0.00143

1.70 24645.06392 23618.36284 21933.0868 20567.96909 20064.53546
1.90 12585.81806 12085.85739 11239.5648 10528.90867 10260.6427
2.10 6232.92122 5987.45693 5565.33202 5204.24777 5066.40612
2.30 2965.82222 2847.92629 2643.29574 2466.56387 2398.72022
2.40 2006.32784 1925.76163 1785.50505 1663.99749 1617.26342
2.50 1334.26523 1279.90904 1185.08295 1102.72065 1070.99441
2.60 867.88873 831.81661 768.79463 713.92978 692.77092
2.70 547.67341 524.25525 483.28652 447.54887 433.75378
2.85 250.60848 239.0764 218.85486 201.17636 194.34554
3.00 90.63255 85.62557 76.82955 69.13262 66.1572
3.15 8.99471 7.41943 4.65288 2.23568 1.30244
3.30 -29.04903 -28.9306 -28.7167 -28.51791 -28.43754
3.40 -40.55634 -39.86977 -38.65396 -37.57263 -37.14975
3.50 -45.48422 -44.50113 -42.76012 -41.21399 -40.6102
3.60 -46.31367 -45.20683 -43.24422 -41.50052 -40.81908
3.70 -44.70433 -43.57978 -41.58287 -39.80704 -39.11244
3.80 -41.74866 -40.66835 -38.74716 -37.0371 -36.36752
3.90 -38.15129 -37.14796 -35.36244 -33.77167 -33.14812
4.00 -34.35374 -33.44238 -31.82024 -30.37336 -29.80597
4.15 -28.83201 -28.06349 -26.69641 -25.47527 -24.99602
4.30 -23.88634 -23.25078 -22.12094 -21.11036 -20.71374
4.50 -18.40873 -17.92343 -17.05995 -16.28712 -15.98378
4.75 -13.24997 -12.9066 -12.29522 -11.74741 -11.53212
5.05 -8.99861 -8.77094 -8.36626 -8.0027 -7.85905
5.40 -5.8466 -5.70319 -5.44849 -5.21866 -5.12742
5.80 -3.68479 -3.59793 -3.44256 -3.30173 -3.24563
6.25 -2.27962 -2.22774 -2.13419 -2.04922 -2.01538
6.75 -1.39598 -1.36518 -1.30933 -1.25832 -1.23805
7.30 -0.85133 -0.83309 -0.79982 -0.76928 -0.75706
7.90 -0.51956 -0.50858 -0.48854 -0.47009 -0.46268
8.60 -0.3073 -0.30075 -0.28891 -0.27793 -0.27344
9.60 -0.15635 -0.15313 -0.14694 -0.14131 -0.13904
10.90 -0.07181 -0.07034 -0.06759 -0.06504 -0.06404
12.50 -0.03118 -0.03054 -0.02941 -0.02829 -0.02791
14.50 -0.01265 -0.01237 -0.01201 -0.01148 -0.01136
17.00 -0.00482 -0.00475 -0.00463 -0.00442 -0.0043
20.00 -0.0018 -0.00177 -0.00171 -0.00171 -0.00158

1.70 26536.08784 25088.56889 22823.03994 21081.20984 20457.84642
1.90 13767.57068 13066.28568 11914.96017 10979.39165 10632.7125
2.10 6944.7212 6595.42689 6008.08585 5517.85986 5333.42502
2.30 3369.69749 3198.14125 2905.89207 2658.77275 2565.16008
2.40 2303.1991 2184.46918 1981.37084 1808.96618 1743.52244
2.50 1548.66027 1467.44883 1328.12813 1209.50955 1164.41824
2.60 1019.70759 964.98507 870.93277 790.66851 760.12884
2.70 652.7355 616.57834 554.35968 501.17039 480.92268
2.85 307.77559 289.35551 257.61583 230.45204 220.11143
3.00 118.64227 110.19308 95.63291 83.19192 78.46119
3.15 20.00428 16.94306 11.69455 7.24874 5.56673
3.30 -27.41652 -27.72312 -28.20544 -28.55584 -28.67471
3.40 -42.47288 -41.81143 -40.61786 -39.52779 -39.09627
3.50 -49.52798 -48.32836 -46.20179 -44.31007 -43.57178
3.60 -51.50829 -50.05058 -47.47513 -45.19822 -44.31204
3.70 -50.39628 -48.85698 -46.13918 -43.74116 -42.80845
3.80 -47.51397 -45.99974 -43.32625 -40.96841 -40.05111
3.90 -43.72679 -42.29816 -39.77579 -37.55051 -36.68456
4.00 -39.58712 -38.27463 -35.95814 -33.91302 -33.11685
4.15 -33.42211 -32.30249 -30.32788 -28.58221 -27.9027
4.30 -27.80365 -26.87026 -25.22593 -23.77079 -23.20411
4.50 -21.50427 -20.78597 -19.52209 -18.40239 -17.96629
4.75 -15.51419 -15.00349 -14.10546 -13.30858 -12.99762
5.05 -10.54433 -10.20589 -9.61068 -9.08093 -8.87335
5.40 -6.84567 -6.63364 -6.25995 -5.92562 -5.79395
5.80 -4.30795 -4.17988 -3.95281 -3.74861 -3.66794
6.25 -2.66014 -2.5842 -2.44821 -2.32538 -2.27678
6.75 -1.62588 -1.58119 -1.50041 -1.4271 -1.39805
7.30 -0.98991 -0.96351 -0.91555 -0.87188 -0.85458
7.90 -0.60334 -0.58768 -0.55891 -0.53259 -0.52201
8.60 -0.35653 -0.34724 -0.3303 -0.31465 -0.30839
9.60 -0.1813 -0.17657 -0.16787 -0.15991 -0.1567
10.90 -0.08318 -0.08105 -0.07718 -0.07363 -0.07222
12.50 -0.03598 -0.0351 -0.03358 -0.03202 -0.03147
14.50 -0.01459 -0.01429 -0.01362 -0.01307 -0.01286
17.00 -0.00561 -0.00552 -0.00524 -0.00498 -0.00487
20.00 -0.00209 -0.00198 -0.00193 -0.00189 -0.00184

1.70 28434.18383 26441.91006 23503.76271 21381.90645 20647.63029
1.90 14956.83022 14007.83511 12505.77513 11329.07422 10901.33537
2.10 7684.07095 7206.95468 6424.27255 5787.72237 5551.7637
2.30 3804.53646 3565.03686 3165.1375 2834.37975 2710.80037
2.40 2628.60872 2460.67274 2178.771 1944.54565 1856.85681
2.50 1787.9662 1671.44363 1475.1404 1311.52993 1250.20403
2.60 1192.40365 1112.63438 977.96193 865.48989 823.30882
2.70 774.73587 721.06523 630.36906 554.54399 526.10798
2.85 376.70678 348.40603 300.58836 260.63365 245.66793
3.00 154.3767 140.69212 117.62741 98.44131 91.27791
3.15 35.80672 30.24824 20.96711 13.35506 10.53891
3.30 -22.99654 -24.25203 -26.23625 -27.72689 -28.24478
3.40 -42.53609 -42.2129 -41.52409 -40.77717 -40.45538
3.50 -52.40438 -51.15563 -48.90166 -46.84944 -46.03811
3.60 -56.02902 -54.28887 -51.20651 -48.46843 -47.40056
3.70 -55.75988 -53.80982 -50.37735 -47.3555 -46.18249
3.80 -53.18577 -51.20209 -47.72002 -44.66676 -43.484
3.90 -49.36238 -47.45003 -44.09833 -41.16465 -40.02923
4.00 -44.9758 -43.19268 -40.07098 -37.34 -36.28361
4.15 -38.23768 -36.69363 -33.99393 -31.63179 -30.71829
4.30 -31.96362 -30.66432 -28.39482 -26.40784 -25.63926
4.50 -24.82495 -23.81738 -22.05961 -20.51913 -19.92284
4.75 -17.95888 -17.23902 -15.98465 -14.8829 -14.45577
5.05 -12.21796 -11.74064 -10.90807 -10.17418 -9.88861
5.40 -7.92754 -7.62954 -7.10718 -6.6445 -6.46363
5.80 -4.98066 -4.80141 -4.48513 -4.20349 -4.09291
6.25 -3.0691 -2.96347 -2.77506 -2.60644 -2.54008
6.75 -1.872 -1.81024 -1.69889 -1.59872 -1.5591
7.30 -1.13767 -1.10145 -1.0358 -0.97617 -0.95272
7.90 -0.69246 -0.67093 -0.63178 -0.59594 -0.58175
8.60 -0.40868 -0.39607 -0.37304 -0.35193 -0.34349
9.60 -0.20766 -0.20117 -0.1895 -0.17883 -0.17456
10.90 -0.09514 -0.09223 -0.0871 -0.08236 -0.08039
12.50 -0.04115 -0.03999 -0.03782 -0.03579 -0.03498
14.50 -0.01669 -0.01625 -0.01535 -0.01459 -0.01429
17.00 -0.00639 -0.00629 -0.00586 -0.0056 -0.00543
20.00 -0.00239 -0.00236 -0.00219 -0.00207 -0.00211

1.70 30413.11923 27696.29679 23969.65039 21469.02103 20633.96994
1.90 16160.51252 14905.0973 13002.93929 11571.51566 11060.85923
2.10 8450.56936 7817.63124 6807.48099 6007.71504 5715.48261
2.30 4271.58843 3947.39506 3417.47069 2989.00002 2831.11204
2.40 2984.58093 2754.23312 2375.22555 2067.2385 1953.55446
2.50 2054.63408 1892.45639 1624.47807 1406.07832 1325.40594
2.60 1388.55447 1275.73025 1088.8664 936.36552 880.03977
2.70 916.16722 838.86696 710.75168 606.19286 567.60685
2.85 459.55635 417.39967 347.64047 290.86202 269.96814
3.00 199.56684 178.15742 142.90643 114.43131 104.01212
3.15 57.72066 48.17782 32.66291 20.36133 15.91863
3.30 -14.82462 -17.86587 -22.58886 -26.07453 -27.2665
3.40 -39.97591 -40.53624 -41.15554 -41.30454 -41.26923
3.50 -53.50497 -52.5435 -50.65525 -48.77811 -48.00001
3.60 -59.39762 -57.56564 -54.25201 -51.23596 -50.04288
3.70 -60.42173 -58.15186 -54.13131 -50.56432 -49.17378
3.80 -58.47396 -56.0454 -51.78232 -48.04329 -46.59548
3.90 -54.83349 -52.41972 -48.20323 -44.52695 -43.10841
4.00 -50.34594 -48.04899 -44.04904 -40.57233 -39.23352
4.15 -43.15956 -41.13056 -37.60746 -34.55157 -33.37649
4.30 -36.2835 -34.55473 -31.55806 -28.9602 -27.96151
4.50 -28.31796 -26.9643 -24.62108 -22.58893 -21.80717
4.75 -20.55233 -19.57942 -17.89715 -16.43532 -15.87208
5.05 -14.0004 -13.35396 -12.23482 -11.25856 -10.88135
5.40 -9.07979 -8.67699 -7.97511 -7.35987 -7.12122
5.80 -5.69479 -5.45371 -5.03022 -4.65667 -4.51112
6.25 -3.50138 -3.35995 -3.10912 -2.88646 -2.79939
6.75 -2.13085 -2.04857 -1.90123 -1.76962 -1.71794
7.30 -1.2923 -1.24434 -1.15785 -1.08002 -1.04943
7.90 -0.7852 -0.7569 -0.70561 -0.65909 -0.6406
8.60 -0.46278 -0.44632 -0.41633 -0.38901 -0.37806
9.60 -0.23475 -0.22645 -0.21129 -0.1975 -0.19196
10.90 -0.10747 -0.10375 -0.09706 -0.09088 -0.08844
12.50 -0.04639 -0.04492 -0.04209 -0.03948 -0.03847
14.50 -0.01878 -0.01829 -0.01716 -0.01612 -0.01569
17.00 -0.0072 -0.00695 -0.00655 -0.0062 -0.006
20.00 -0.00271 -0.00264 -0.00246 -0.00232 -0.00228

1.70 32611.84151 28902.18185 24232.80537 21350.47637 20420.87822
1.90 17406.77382 15765.85105 13405.31704 11704.54469 11108.19479
2.10 9251.2702 8428.32478 7154.67223 6173.71432 5820.09401
2.30 4775.19686 4346.31774 3660.73243 3119.1115 2922.27559
2.40 3375.30487 3066.61627 2569.14882 2174.08053 2030.36438
2.50 2352.71662 2132.19089 1775.0619 1490.75908 1387.35627
2.60 1611.96835 1456.0649 1202.97601 1001.42379 928.19918
2.70 1080.48816 971.74281 795.1479 654.70051 603.77704
2.85 559.15379 497.90193 398.7223 320.25954 291.95013
3.00 256.41624 223.88533 171.5903 130.66449 116.02264
3.15 87.40105 71.75444 46.98005 28.02182 21.3522
3.30 -1.69594 -7.78608 -17.04378 -23.68733 -25.90685
3.40 -33.83149 -36.14179 -39.29622 -41.13201 -41.62242
3.50 -52.0702 -51.97122 -51.25833 -50.07411 -49.48441
3.60 -61.01834 -59.4594 -56.42379 -53.45065 -52.22712
3.70 -63.91644 -61.5431 -57.23184 -53.30149 -51.74537
3.80 -63.01582 -60.25623 -55.36309 -51.02422 -49.33374
3.90 -59.85742 -56.98724 -51.95852 -47.56136 -45.86261
4.00 -55.47713 -52.66681 -47.77716 -43.53542 -41.90467
4.15 -48.03518 -45.4847 -41.07497 -37.27312 -35.81696
4.30 -40.65638 -38.44715 -34.64042 -31.36748 -30.11578
4.50 -31.91519 -30.16271 -27.15011 -24.56285 -23.57372
4.75 -23.25336 -21.9833 -19.8033 -17.92917 -17.2122
5.05 -15.8666 -15.01964 -13.5643 -12.30877 -11.82734
5.40 -10.28645 -9.7591 -8.8466 -8.05531 -7.75082
5.80 -6.43998 -6.12595 -5.57719 -5.09798 -4.91262
6.25 -3.94998 -3.76673 -3.44361 -3.15934 -3.04874
6.75 -2.39782 -2.29191 -2.10323 -1.93599 -1.87075
7.30 -1.45079 -1.38953 -1.27953 -1.1811 -1.14253
7.90 -0.87982 -0.8438 -0.77889 -0.72043 -0.69725
8.60 -0.51772 -0.49692 -0.45931 -0.42504 -0.41147
9.60 -0.26219 -0.25184 -0.23301 -0.21578 -0.20891
10.90 -0.11983 -0.11522 -0.10685 -0.09921 -0.0962
12.50 -0.05169 -0.04978 -0.04636 -0.04317 -0.04187
14.50 -0.02093 -0.02015 -0.01879 -0.01757 -0.01707
17.00 -0.00799 -0.00773 -0.00718 -0.0067 -0.00644
20.00 -0.00301 -0.00291 -0.00272 -0.00254 -0.00241

1.70 35244.78762 30141.62144 24322.06215 21042.10847 20015.07568
1.90 18750.53303 16613.10122 13720.25959 11729.82592 11042.20524
2.10 10103.55723 9046.67255 7466.58266 6283.40486 5862.31326
2.30 5324.21565 4765.96817 3894.35213 3222.00266 2981.11836
2.40 3808.11845 3401.39897 2759.96921 2262.62856 2084.47996
2.50 2688.54891 2393.83956 1926.45275 1563.49507 1433.67617
2.60 1868.16276 1656.50251 1320.01848 1058.97321 965.83762
2.70 1272.46824 1122.23749 883.44012 698.73767 633.06758
2.85 679.22963 591.98326 453.89195 347.95615 310.56821
3.00 327.74773 279.50155 203.84122 146.61541 126.64772
3.15 126.92483 102.21881 64.12843 36.05161 26.45197
3.30 17.8831 6.91326 -9.38029 -20.69228 -24.36854
3.40 -22.91635 -28.27556 -35.73174 -40.31606 -41.63231
3.50 -47.16445 -48.82792 -50.50866 -50.74425 -50.54702
3.60 -60.15739 -59.47775 -57.53529 -55.08622 -53.96588
3.70 -65.67103 -63.58748 -59.50935 -55.51962 -53.88077
3.80 -66.36481 -63.51621 -58.31031 -53.55003 -51.66397
3.90 -64.08627 -60.89643 -55.22909 -50.2028 -48.24591
4.00 -60.09795 -56.8392 -51.13653 -46.16256 -44.24539
4.15 -52.67608 -49.60544 -44.29881 -39.73221 -37.98631
4.30 -44.95 -42.23028 -37.56194 -33.57136 -32.05158
4.50 -35.53167 -33.33655 -29.5857 -26.39212 -25.17836
4.75 -26.01001 -24.40139 -21.65977 -19.32744 -18.44143
5.05 -17.78503 -16.70636 -14.86728 -13.29878 -12.70189
5.40 -11.52774 -10.85583 -9.70255 -8.7137 -8.33615
5.80 -7.20363 -6.80525 -6.11393 -5.51659 -5.28728
6.25 -4.40666 -4.17564 -3.77096 -3.4182 -3.28194
6.75 -2.66768 -2.53501 -2.30026 -2.09378 -2.01374
7.30 -1.60982 -1.53371 -1.39769 -1.27689 -1.2298
7.90 -0.9742 -0.92971 -0.85003 -0.77851 -0.75044
8.60 -0.57211 -0.54665 -0.50071 -0.4592 -0.44277
9.60 -0.28918 -0.2766 -0.25374 -0.23298 -0.22468
10.90 -0.1319 -0.12642 -0.11636 -0.10718 -0.10354
12.50 -0.05685 -0.05459 -0.05042 -0.04669 -0.04504
14.50 -0.02308 -0.02205 -0.02048 -0.01896 -0.01835
17.00 -0.00873 -0.00845 -0.0078 -0.00726 -0.00702
20.00 -0.00322 -0.00318 -0.00296 -0.00278 -0.0026

1.70 38612.89739 31522.82745 24279.73989 20566.07909 19425.3221
1.90 20279.35244 17485.29541 13963.39831 11652.33049 10863.42023
2.10 11037.45967 9688.25751 7747.91223 6336.10948 5839.95564
2.30 5933.42481 5214.32586 4119.46634 3295.73 3005.10199
2.40 4294.52756 3764.79463 2948.20535 2330.94681 2113.55417
2.50 3071.46449 2682.43108 2078.89567 1622.53206 1462.30622
2.60 2164.86085 1881.20826 1440.14313 1107.51613 991.21847
2.70 1498.53172 1293.83149 975.7652 737.08086 654.0601
2.85 824.62073 702.30051 513.31767 373.10745 324.82938
3.00 417.13343 347.00957 239.86074 161.74449 135.23351
3.15 178.87831 141.0568 84.3257 44.13622 30.81602
3.30 45.75011 27.31879 0.6169 -17.24859 -22.87663
3.40 -5.78013 -16.06072 -30.25534 -38.94355 -41.44008
3.50 -37.64889 -42.40948 -48.21197 -50.82322 -51.26685
3.60 -55.92486 -57.05629 -57.40699 -56.14043 -55.29277
3.70 -64.99215 -63.83333 -60.8003 -57.19161 -55.58198
3.80 -67.9818 -65.46368 -60.4764 -55.57775 -53.56653
3.90 -67.1009 -63.85725 -57.88296 -52.39881 -50.22512
4.00 -63.88175 -60.33303 -54.00918 -48.39691 -46.21434
4.15 -56.8563 -53.32257 -47.18072 -41.87159 -39.8384
4.30 -49.00548 -45.77856 -40.24126 -35.51799 -33.72311
4.50 -39.06554 -36.39975 -31.86474 -28.03008 -26.58002
4.75 -28.76075 -26.77782 -23.42099 -20.59341 -19.52654
5.05 -19.71861 -18.37882 -16.11272 -14.20217 -13.48098
5.40 -12.78064 -11.94489 -10.52247 -9.31741 -8.86102
5.80 -7.97102 -7.47711 -6.62743 -5.90133 -5.62472
6.25 -4.86194 -4.57753 -4.0831 -3.65629 -3.49266
6.75 -2.93413 -2.77204 -2.48724 -2.23901 -2.14323
7.30 -1.76562 -1.67319 -1.50924 -1.36479 -1.30884
7.90 -1.06567 -1.0123 -0.91685 -0.83188 -0.79867
8.60 -0.62462 -0.59416 -0.53953 -0.49039 -0.47111
9.60 -0.31506 -0.30008 -0.27315 -0.24879 -0.23914
10.90 -0.14338 -0.13686 -0.12512 -0.11445 -0.11019
12.50 -0.06163 -0.05902 -0.05413 -0.04976 -0.04795
14.50 -0.02497 -0.02384 -0.02204 -0.02026 -0.01955
17.00 -0.00953 -0.00909 -0.00836 -0.00775 -0.00751
20.00 -0.00355 -0.00342 -0.00318 -0.00289 -0.00278

1.70 43120.73428 33172.58617 24156.0358 19948.26998 18662.23908
1.90 22116.32677 18433.94772 14157.13476 11479.47355 10573.98811
2.10 12096.71803 10376.77823 8006.92847 6332.49444 5751.95223
2.30 6624.65182 5703.63266 4338.76897 3339.01897 2992.36846
2.40 4851.07205 4165.99166 3135.35413 2377.55237 2115.75069
2.50 3514.41365 3005.0492 2233.22925 1666.41112 1471.5603
2.60 2512.40639 2135.76574 1563.84346 1145.73677 1002.86778
2.70 1767.02449 1490.99522 1072.44556 768.60851 665.51378
2.85 1001.39955 832.09924 577.22325 394.89607 333.82871
3.00 528.95616 428.77065 279.84771 175.50058 141.15932
3.15 246.38386 189.97639 107.76334 51.93205 34.04443
3.30 84.09968 54.65596 13.13099 -13.54999 -21.67004
3.40 19.29927 1.4808 -22.69159 -37.13571 -41.20555
3.50 -22.17942 -31.93701 -44.20283 -50.37724 -51.74312
3.60 -47.27551 -51.57603 -55.88452 -56.63956 -56.26222
3.70 -61.06978 -61.78876 -60.96229 -58.3154 -56.8704
3.80 -67.24029 -65.70745 -61.73109 -57.08583 -55.03972
3.90 -68.41696 -65.55769 -59.80207 -54.11557 -51.78296
4.00 -66.45367 -62.89865 -56.28908 -50.19726 -47.78432
4.15 -60.31865 -56.45595 -49.63088 -43.6454 -41.33811
4.30 -52.64446 -48.95966 -42.60263 -37.16186 -35.09324
4.50 -42.40348 -39.26208 -33.92791 -29.43605 -27.74382
4.75 -31.43729 -29.05373 -25.04298 -21.69399 -20.43853
5.05 -21.62665 -19.99964 -17.26998 -14.99458 -14.14253
5.40 -14.02024 -13.00253 -11.28625 -9.84975 -9.31032
5.80 -8.72621 -8.12673 -7.10473 -6.24156 -5.91534
6.25 -5.30549 -4.96281 -4.3717 -3.86693 -3.67475
6.75 -3.19073 -2.99701 -2.65919 -2.36739 -2.25559
7.30 -1.91388 -1.80425 -1.61128 -1.44266 -1.37762
7.90 -1.152 -1.08914 -0.97765 -0.87905 -0.84069
8.60 -0.67343 -0.63801 -0.57468 -0.51809 -0.49593
9.60 -0.33875 -0.32155 -0.29057 -0.26281 -0.25173
10.90 -0.15386 -0.14643 -0.13302 -0.1208 -0.11595
12.50 -0.06605 -0.06305 -0.05762 -0.05251 -0.0505
14.50 -0.02661 -0.02545 -0.02335 -0.02136 -0.02055
17.00 -0.01016 -0.00969 -0.0089 -0.00817 -0.00787
20.00 -0.00375 -0.00359 -0.00333 -0.00308 -0.00292

1.70 49301.75508 35228.75429 24002.33533 19214.75651 17738.82895
1.90 24423.85971 19519.46 14327.77113 11219.92607 10177.95668
2.10 13340.48743 11142.79686 8254.31902 6274.16284 5598.53138
2.30 7427.17207 6250.22228 4555.98769 3351.1256 2941.86625
2.40 5499.79016 4617.07672 3323.51332 2401.33584 2089.8487
2.50 4034.31593 3370.75587 2390.60207 1693.92294 1460.21103
2.60 2923.98893 2427.07493 1691.73755 1172.47559 999.64519
2.70 2088.32318 1719.06349 1173.81692 792.28646 666.4225
2.85 1216.87315 985.08368 645.76395 412.52429 336.78857
3.00 668.36318 527.38929 323.90706 187.31405 143.86299
3.15 333.04256 250.81271 134.53952 59.05889 35.75415
3.30 135.4281 90.21437 28.26352 -9.83239 -20.99415
3.40 54.26526 25.36596 -12.93835 -35.05608 -41.10385
3.50 0.74969 -16.60987 -38.37942 -49.51368 -52.09551
3.60 -33.04791 -42.40709 -52.8685 -56.6479 -56.95092
3.70 -53.01078 -56.95854 -59.90011 -58.92325 -57.79078
3.80 -63.45521 -63.85783 -61.98426 -58.08371 -56.10443
3.90 -67.50973 -65.6907 -60.90203 -55.3461 -52.92283
4.00 -67.41185 -64.29285 -57.89799 -51.54586 -48.94676
4.15 -62.79266 -58.83267 -51.58059 -45.02676 -42.4664
4.30 -55.68245 -51.64866 -44.58692 -38.47287 -36.13827
4.50 -45.43165 -41.83984 -35.72678 -30.58001 -28.64505
4.75 -33.9731 -31.17555 -26.48884 -22.60314 -21.15527
5.05 -23.47044 -21.53497 -18.31303 -15.6561 -14.66922
5.40 -15.22321 -14.00749 -11.97634 -10.29702 -9.67202
5.80 -9.45482 -8.74034 -7.53432 -6.52826 -6.15123
6.25 -5.72821 -5.32264 -4.6298 -4.04465 -3.82359
6.75 -3.43168 -3.20448 -2.81164 -2.47559 -2.34782
7.30 -2.05091 -1.92353 -1.70099 -1.50819 -1.43423
7.90 -1.23045 -1.15818 -1.03065 -0.91874 -0.87544
8.60 -0.71732 -0.67688 -0.6051 -0.54142 -0.51663
9.60 -0.35977 -0.34035 -0.30559 -0.27455 -0.26228
10.90 -0.16298 -0.1547 -0.13973 -0.12617 -0.12076
12.50 -0.06977 -0.06643 -0.06036 -0.05485 -0.05266
14.50 -0.02817 -0.02685 -0.02444 -0.02227 -0.02141
17.00 -0.01071 -0.01015 -0.00935 -0.00853 -0.00819
20.00 -0.00396 -0.00381 -0.00346 -0.0032 -0.00308

1.70 57855.23166 37833.80473 23864.92468 18387.96916 16671.69145
1.90 27413.71597 20806.08976 14501.64105 10882.28298 9681.90626
2.10 14842.73079 12021.17947 8501.29348 6163.21792 5381.58464
2.30 8376.93895 6873.53244 4774.94941 3331.69816 2853.56857
2.40 6267.99928 5132.36201 3514.70649 2401.48566 2035.41164
2.50 4651.95394 3790.07545 2551.97432 1704.06813 1427.62042
2.60 3415.518 2762.91997 1824.19275 1186.70796 980.84362
2.70 2474.68117 1983.85643 1279.94006 807.15568 656.09085
2.85 1479.38671 1165.10644 718.82853 425.20662 333.10876
3.00 841.0706 645.47014 371.91019 196.59075 142.87118
3.15 442.76279 325.34451 164.55933 65.09282 35.59535
3.30 202.39452 135.21068 45.96049 -6.38372 -21.09379
3.40 101.16566 56.53851 -1.02541 -32.92061 -41.32244
3.50 32.70802 4.30317 -30.75255 -48.39078 -52.4642
3.60 -12.04482 -28.98378 -48.3551 -56.27803 -57.46092
3.70 -39.90613 -48.90552 -57.59863 -59.09234 -58.41473
3.80 -55.93886 -59.57706 -61.2136 -58.62145 -56.8089
3.90 -63.8603 -63.9949 -61.15573 -56.12043 -53.67511
4.00 -66.36575 -64.31334 -58.80624 -52.45782 -49.71869
4.15 -64.02345 -60.31332 -52.99907 -46.01619 -43.22663
4.30 -57.95228 -53.74811 -46.16405 -39.44295 -36.85366
4.50 -48.05272 -44.07067 -37.23408 -31.44924 -29.27415
4.75 -36.31529 -33.10493 -27.7364 -23.30759 -21.66594
5.05 -25.22131 -22.96122 -19.22474 -16.17527 -15.05154
5.40 -16.37301 -14.94481 -12.58061 -10.6506 -9.93876
5.80 -10.14637 -9.30857 -7.90849 -6.75566 -6.32747
6.25 -6.12325 -5.65113 -4.85221 -4.18578 -3.93598
6.75 -3.65239 -3.39047 -2.94143 -2.56157 -2.41805
7.30 -2.17378 -2.02859 -1.77637 -1.56013 -1.47771
7.90 -1.29961 -1.21782 -1.07469 -0.95019 -0.90222
8.60 -0.7551 -0.7099 -0.6301 -0.55984 -0.53256
9.60 -0.37752 -0.35601 -0.31777 -0.28375 -0.27044
10.90 -0.1705 -0.16142 -0.14506 -0.13046 -0.12461
12.50 -0.0729 -0.06931 -0.06264 -0.05668 -0.05437
14.50 -0.02929 -0.02793 -0.02534 -0.02311 -0.02209
17.00 -0.01109 -0.01063 -0.00965 -0.0088 -0.00844
20.00 -0.00411 -0.00396 -0.00355 -0.00331 -0.00319

1.70 69701.85376 41129.52647 23780.08526 17483.48617 15482.5303
1.90 31362.72274 22356.93106 14700.82981 10473.88842 9095.75843
2.10 16691.03867 13047.53547 8757.10986 6001.90595 5105.13946
2.30 9515.65833 7594.3177 4998.31497 3280.69225 2728.75394
2.40 7187.1421 5727.08285 3709.97337 2377.45497 1953.0035
2.50 5391.33644 4273.99348 2717.45498 1696.0497 1373.90566
2.60 4005.0973 3151.16779 1960.8351 1187.54867 946.31664
2.70 2939.73652 2291.02179 1390.23284 812.34141 634.23085
2.85 1797.8897 1375.66694 795.79376 432.17782 322.42767
3.00 1052.98986 785.24213 423.32844 202.71501 137.83806
3.15 579.46322 415.01924 197.41845 69.56443 33.27464
3.30 287.59012 190.59125 65.93063 -3.54785 -22.20113
3.40 161.96246 95.71059 12.81829 -31.00425 -42.05438
3.50 75.17436 31.33656 -21.49958 -47.22515 -53.00695
3.60 16.84127 -10.9067 -42.47999 -55.69897 -57.91914
3.70 -20.93194 -37.33246 -54.16077 -58.95325 -58.84287
3.80 -44.0825 -52.64522 -59.49579 -58.79837 -57.2318
3.90 -57.02258 -60.30868 -60.61967 -56.51371 -54.10094
4.00 -62.99034 -62.84169 -59.05471 -52.98913 -50.14681
4.15 -63.81171 -60.8245 -53.91045 -46.64882 -43.64952
4.30 -59.33393 -55.2128 -47.34714 -40.09372 -37.25891
4.50 -50.20624 -45.93028 -38.4547 -32.05395 -29.64129
4.75 -38.43853 -34.82978 -28.78487 -23.81024 -21.9742
5.05 -26.86941 -24.27191 -20.00256 -16.55164 -15.29008
5.40 -17.46529 -15.81051 -13.09635 -10.9093 -10.10995
5.80 -10.79816 -9.8284 -8.22484 -6.92255 -6.4434
6.25 -6.48867 -5.946 -5.0375 -4.28933 -4.01151
6.75 -3.85151 -3.55356 -3.04761 -2.62461 -2.46607
7.30 -2.28176 -2.11826 -1.83708 -1.59825 -1.50791
7.90 -1.35843 -1.26752 -1.10951 -0.97321 -0.92109
8.60 -0.78641 -0.73666 -0.6495 -0.5734 -0.54396
9.60 -0.39157 -0.36829 -0.32701 -0.29056 -0.27635
10.90 -0.17629 -0.16653 -0.14911 -0.1335 -0.12744
12.50 -0.07522 -0.07132 -0.06436 -0.05805 -0.05555
14.50 -0.03016 -0.02868 -0.02603 -0.02366 -0.02267
17.00 -0.01138 -0.01091 -0.00992 -0.00905 -0.00865
20.00 -0.00429 -0.00406 -0.00368 -0.00338 -0.0033

1.70 86036.22999 45250.36254 23771.07491 16508.56497 14199.20787
1.90 36639.31127 24230.34352 14939.21305 10000.22576 8433.41669
2.10 18990.32166 14254.34757 9026.42143 5792.45635 4775.75908
2.30 10889.26745 8432.31397 5226.18726 3198.37507 2570.25766
2.40 8291.10051 6415.62884 3908.38943 2328.99426 1844.38759
2.50 6278.01777 4832.59274 2885.60848 1669.31745 1300.09649
2.60 4711.76348 3598.6901 2100.05347 1174.29801 896.60178
2.70 3497.42041 2645.17218 1503.10958 807.0948 601.05823
2.85 2181.02257 1619.28747 875.29497 432.72568 304.68942
3.00 1309.50294 948.10326 477.08123 205.07242 128.58987
3.15 746.51923 520.62642 232.30039 71.97325 28.58314
3.30 393.11488 256.80158 87.57357 -1.71744 -24.51804
3.40 238.16982 143.18105 28.10789 -29.6359 -43.486
3.50 129.23281 64.68457 -11.0102 -46.29021 -53.89072
3.60 54.38023 11.94418 -35.55565 -55.13617 -58.47219
3.70 4.45091 -22.17215 -49.83678 -58.69083 -59.20222
3.80 -27.51618 -43.03202 -57.0311 -58.76609 -57.48191
3.90 -46.74888 -54.62704 -59.45433 -56.64927 -54.29244
4.00 -57.1266 -59.88962 -58.77196 -53.24043 -50.30901
4.15 -62.08562 -60.3919 -54.40743 -46.99889 -43.79478
4.30 -59.80546 -56.07344 -48.20355 -40.47955 -37.39968
4.50 -51.90396 -47.44949 -39.43282 -32.43063 -29.77827
4.75 -40.36818 -36.37565 -29.66116 -24.13359 -22.10087
5.05 -28.43995 -25.48506 -20.66194 -16.7985 -15.39756
5.40 -18.51867 -16.61555 -13.53227 -11.08055 -10.19343
5.80 -11.42147 -10.30621 -8.48838 -7.03352 -6.50373
6.25 -6.83088 -6.21091 -5.18849 -4.35828 -4.0529
6.75 -4.03279 -3.69565 -3.13188 -2.66641 -2.49351
7.30 -2.37674 -2.19382 -1.88379 -1.62353 -1.52563
7.90 -1.40807 -1.30798 -1.13559 -0.98845 -0.93256
8.60 -0.81126 -0.75766 -0.66373 -0.58224 -0.5511
9.60 -0.4023 -0.37744 -0.33352 -0.2951 -0.28013
10.90 -0.18052 -0.17019 -0.15186 -0.13558 -0.12928
12.50 -0.07673 -0.07269 -0.06547 -0.05889 -0.05637
14.50 -0.03073 -0.02923 -0.02648 -0.02396 -0.02299
17.00 -0.01166 -0.01103 -0.01012 -0.00918 -0.00883
20.00 -0.0044 -0.00416 -0.00379 -0.00345 -0.00336

1.70 108415.28222 50312.84235 23846.93689 15463.36509 12855.45398
1.90 43732.87934 26478.16224 15219.44186 9465.24383 7712.8256
2.10 21868.6189 15667.81423 9307.03376 5537.23341 4402.65272
2.30 12546.39204 9403.88438 5454.95002 3085.4493 2382.57452
2.40 9616.55711 7209.68202 4106.28008 2256.26614 1712.62089
2.50 7339.91477 5473.60427 3052.93157 1623.67124 1208.21907
2.60 5556.54375 4110.24132 2238.65334 1146.53317 832.99425
2.70 4162.92593 3049.00844 1615.75186 790.87341 557.35647
2.85 2637.83479 1896.90473 955.09854 426.25377 280.19419
3.00 1615.93571 1134.19839 531.4631 203.09837 115.16334
3.15 947.08428 642.00398 267.93346 71.82455 21.42682
3.30 520.889 333.58514 109.95344 -1.30682 -28.19385
3.40 331.19475 198.68022 44.08371 -29.1773 -45.77882
3.50 195.91542 104.08226 0.09923 -45.89872 -55.2774
3.60 101.31405 39.31743 -28.08217 -54.85815 -59.27486
3.70 36.75914 -3.65828 -45.03279 -58.53437 -59.63624
3.80 -5.89409 -30.95166 -54.15048 -58.71955 -57.68974
3.90 -32.82078 -47.14417 -57.9298 -56.69258 -54.36669
4.00 -48.64812 -55.63237 -58.17947 -53.3519 -50.30875
4.15 -58.80908 -59.16383 -54.65528 -47.1752 -43.74775
4.30 -59.38136 -56.45449 -48.8579 -40.68584 -37.34568
4.50 -53.18761 -48.72486 -40.25501 -32.64079 -29.73769
4.75 -42.14611 -37.81162 -30.42171 -24.31947 -22.08279
5.05 -29.96133 -26.64623 -21.23783 -16.94286 -15.39838
5.40 -19.54929 -17.38845 -13.90954 -11.18139 -10.20454
5.80 -12.02547 -10.75894 -8.71168 -7.09877 -6.51777
6.25 -7.15444 -6.45561 -5.31269 -4.39866 -4.06583
6.75 -4.19806 -3.82252 -3.19889 -2.69078 -2.50379
7.30 -2.45967 -2.25862 -1.91962 -1.63815 -1.53327
7.90 -1.45003 -1.34114 -1.15472 -0.99735 -0.93794
8.60 -0.83185 -0.77387 -0.67357 -0.58745 -0.5546
9.60 -0.41034 -0.38396 -0.33785 -0.2977 -0.28224
10.90 -0.18325 -0.17263 -0.15353 -0.13682 -0.13021
12.50 -0.07766 -0.07348 -0.06611 -0.05945 -0.05687
14.50 -0.031 -0.02941 -0.02664 -0.02416 -0.02317
17.00 -0.01167 -0.0111 -0.01012 -0.00926 -0.00883
20.00 -0.00428 -0.00412 -0.00379 -0.00344 -0.00333

1.70 138883.31265 56401.11471 24002.86968 14345.15044 11488.71847
1.90 53305.65362 29145.43799 15531.27677 8872.65578 6955.12818
2.10 25497.43734 17305.97039 9588.63338 5239.20469 3997.32245
2.30 14535.92329 10520.37116 5676.75288 2943.28987 2171.71608
2.40 11198.08259 8116.79501 4296.94137 2160.0316 1561.96784
2.50 8602.19274 6201.26984 3213.73235 1559.41505 1101.24909
2.60 6556.99454 4687.60258 2371.83044 1104.23867 757.52654
2.70 4948.17443 3502.69652 1724.13402 763.45217 504.47471
2.85 3174.21974 2207.48313 1032.16046 412.37155 249.6116
3.00 1974.87957 1342.18012 584.20703 196.35028 97.8289
3.15 1182.11285 777.88845 302.64674 68.68676 11.85062
3.30 671.05076 419.88968 131.84604 -2.70558 -33.30087
3.40 440.86448 261.3028 59.75123 -29.98304 -49.04576
3.50 274.87141 148.75811 11.02037 -46.36879 -57.30129
3.60 157.21681 70.55746 -20.71793 -55.14726 -60.46985
3.70 75.55298 17.6524 -40.28649 -58.73229 -60.28761
3.80 20.35847 -16.87737 -51.29401 -58.87599 -57.992
3.90 -15.6361 -38.26347 -56.40806 -56.83306 -54.45138
4.00 -37.91977 -50.41419 -57.57578 -53.48793 -50.26384
4.15 -54.29401 -57.41341 -54.87959 -47.31069 -43.60959
4.30 -58.32342 -56.57312 -49.48207 -40.81914 -37.18196
4.50 -54.26405 -49.91721 -41.04325 -32.76454 -29.5863
4.75 -43.93041 -39.24902 -31.1476 -24.42395 -21.96844
5.05 -31.54864 -27.82754 -21.78161 -17.02186 -15.32563
5.40 -20.63371 -18.1734 -14.25988 -11.23548 -10.16485
5.80 -12.6568 -11.21284 -8.9142 -7.13331 -6.49921
6.25 -7.48719 -6.6956 -5.42184 -4.41967 -4.05877
6.75 -4.36426 -3.94326 -3.25553 -2.70347 -2.5022
7.30 -2.54062 -2.31809 -1.94851 -1.6457 -1.53369
7.90 -1.4887 -1.37012 -1.16949 -1.00184 -0.93905
8.60 -0.84918 -0.78727 -0.68072 -0.59017 -0.55582
9.60 -0.41663 -0.38902 -0.3408 -0.29907 -0.28313
10.90 -0.18529 -0.17418 -0.15455 -0.13737 -0.13073
12.50 -0.07824 -0.07396 -0.06643 -0.05971 -0.05701
14.50 -0.03109 -0.02954 -0.02682 -0.02432 -0.0233
17.00 -0.01174 -0.01116 -0.01013 -0.0093 -0.00894
20.00 -0.00437 -0.00416 -0.00377 -0.0035 -0.00331

1.70 180155.63283 63550.31608 24221.77126 13154.58388 10136.52104
1.90 66221.32536 32271.04651 15851.33859 8227.79687 6182.92393
2.10 30110.16782 19178.1739 9852.83193 4902.54945 3572.69798
2.30 16913.09055 11787.64445 5879.89142 2774.20612 1944.78121
2.40 13073.06609 9139.89048 4471.06076 2041.84694 1397.60263
2.50 10093.54388 7015.88403 3360.54397 1477.51454 982.90894
2.60 7734.16797 5329.2661 2493.55661 1047.93906 672.8352
2.70 5867.8374 4003.70932 1823.36902 725.03965 444.24336
2.85 3797.82541 2548.01136 1102.90624 390.99085 213.94757
3.00 2389.85997 1569.26721 632.70217 184.59025 77.08459
3.15 1453.03345 925.99134 334.53782 62.26201 0.05116
3.30 844.07812 513.93982 151.86519 -6.21968 -39.8143
3.40 567.36887 329.57461 73.98672 -32.34845 -53.32921
3.50 366.13883 197.49435 20.84042 -47.97745 -60.04623
3.60 222.04288 104.65946 -14.20635 -56.25852 -62.16455
3.70 120.73103 40.92918 -36.20551 -59.51641 -61.27483
3.80 51.09862 -1.49853 -48.96042 -59.44379 -58.51042
3.90 4.63352 -28.55915 -55.2997 -57.25637 -54.66601
4.00 -25.13064 -44.71563 -57.30073 -53.81317 -50.28735
4.15 -48.7389 -55.51106 -55.3383 -47.5416 -43.48147
4.30 -56.82482 -56.71793 -50.2742 -40.9918 -36.99638
4.50 -55.30296 -51.23585 -41.93867 -32.88818 -29.3948
4.75 -45.84693 -40.82947 -31.93337 -24.50904 -21.81081
5.05 -33.27971 -29.11935 -22.35401 -17.07771 -15.21631
5.40 -21.81524 -19.02544 -14.62083 -11.27025 -10.09856
5.80 -13.33958 -11.70041 -9.11872 -7.15401 -6.46335
6.25 -7.84209 -6.9499 -5.52972 -4.43189 -4.0413
6.75 -4.53785 -4.06903 -3.31021 -2.71062 -2.49428
7.30 -2.62338 -2.37881 -1.97565 -1.64998 -1.53069
7.90 -1.528 -1.39906 -1.18289 -1.00452 -0.93817
8.60 -0.86673 -0.80026 -0.68696 -0.59174 -0.55589
9.60 -0.42267 -0.39344 -0.34309 -0.29989 -0.28342
10.90 -0.18686 -0.17538 -0.1553 -0.13782 -0.13105
12.50 -0.0786 -0.07427 -0.06664 -0.05985 -0.0572
14.50 -0.03117 -0.02959 -0.02683 -0.02439 -0.02342
17.00 -0.01166 -0.01113 -0.01014 -0.0093 -0.00902
20.00 -0.00431 -0.00419 -0.00376 -0.00353 -0.00338

1.70 235870.78673 71729.75679 24476.28997 11901.85316 8832.45796
1.90 83620.0532 35887.26363 16143.96059 7539.29646 5418.0571
2.10 36043.2232 21285.99045 10074.54991 4533.14041 3141.93215
2.30 19743.38217 13206.78806 6050.04735 2581.60822 1709.31219
2.40 15277.43341 10277.81063 4617.78191 1904.17951 1225.14405
2.50 11839.57987 7914.14717 3485.01597 1379.69079 857.33676
2.60 9106.27274 6030.73914 2597.31676 978.78266 581.92868
2.70 6932.83436 4547.17345 1908.31453 676.35607 378.81715
2.85 4512.53116 2913.9037 1163.6797 362.39954 174.46174
3.00 2861.09988 1811.61596 674.32674 167.85279 53.62311
3.15 1758.65236 1083.3065 361.71768 52.44798 -13.62989
3.30 1038.42712 613.47661 168.64472 -12.01624 -47.60203
3.40 709.17146 401.65211 85.6862 -36.45826 -58.58471
3.50 468.26258 248.79298 28.6645 -50.91482 -63.52612
3.60 294.45244 140.4062 -9.27529 -58.37886 -64.41053
3.70 171.09882 65.18007 -33.38418 -61.06451 -62.67184
3.80 85.29052 14.37313 -47.63721 -60.58881 -59.33078
3.90 27.10198 -18.69861 -55.00663 -58.11505 -55.10072
4.00 -11.03385 -39.08808 -57.68706 -54.46622 -50.46974
4.15 -42.73097 -53.87551 -56.28461 -47.98624 -43.44811
4.30 -55.34142 -57.21059 -51.42866 -41.30344 -36.86516
4.50 -56.6323 -52.91018 -43.08033 -33.09014 -29.22657
4.75 -48.1232 -42.70637 -32.87313 -24.63245 -21.65854
5.05 -35.30947 -30.61871 -23.01536 -17.14999 -15.10477
5.40 -23.19353 -20.00286 -15.02994 -11.31153 -10.02878
5.80 -14.13303 -12.25599 -9.34807 -7.1775 -6.42476
6.25 -8.25386 -7.23848 -5.65021 -4.44534 -4.02219
6.75 -4.73954 -4.21154 -3.37121 -2.71858 -2.4858
7.30 -2.71956 -2.44759 -2.00607 -1.65475 -1.52744
7.90 -1.57315 -1.43189 -1.19801 -1.00744 -0.93727
8.60 -0.88651 -0.815 -0.6941 -0.59354 -0.556
9.60 -0.42945 -0.39866 -0.34577 -0.3009 -0.28388
10.90 -0.18891 -0.17699 -0.15622 -0.13825 -0.13132
12.50 -0.07904 -0.07461 -0.06687 -0.06008 -0.0574
14.50 -0.03123 -0.02969 -0.02685 -0.02446 -0.02349
17.00 -0.01169 -0.01114 -0.01016 -0.00931 -0.00905
20.00 -0.0043 -0.00409 -0.00377 -0.00351 -0.00346

1.70 310956.79411 80828.22559 24730.42095 10609.82182 7603.17145
1.90 107011.15928 40016.4069 16362.62096 6819.82178 4679.59244
2.10 43761.80303 23625.30881 10224.46823 4138.65821 2717.1857
2.30 23119.51922 14775.48833 6172.09782 2369.98653 1472.59698
2.40 17856.85486 11526.66438 4726.1466 1750.38082 1050.13459
2.50 13873.06498 8890.16577 3579.04815 1268.39955 728.70158
2.60 10698.48879 6785.31697 2676.99895 898.53262 487.90794
2.70 8160.65826 5126.56149 1974.27625 618.63732 310.47519
2.85 5326.83509 3299.64926 1211.24155 327.28067 132.55335
3.00 3392.08717 2064.88723 706.80316 146.47397 28.26947
3.15 2099.98999 1246.55894 382.56737 39.37115 -28.73344
3.30 1254.11928 716.09685 181.02383 -20.08929 -56.43262
3.40 866.03831 475.59856 93.91592 -42.35436 -64.67964
3.50 580.91911 301.09887 33.73844 -55.25236 -67.67822
3.60 374.11417 176.54906 -6.53678 -61.59638 -67.19233
3.70 226.34725 89.39989 -32.32142 -63.47329 -64.49486
3.80 122.6516 29.92421 -47.73299 -62.40976 -60.48917
3.90 51.50596 -9.344 -55.86544 -59.50558 -55.80363
4.00 4.11941 -34.07444 -59.01356 -55.53913 -50.8649
4.15 -36.50522 -52.9139 -57.93058 -48.72723 -43.56576
4.30 -54.09088 -58.3602 -53.10884 -41.82646 -36.84177
4.50 -58.43979 -55.15891 -44.58572 -33.42907 -29.12839
4.75 -50.89889 -45.02471 -34.04607 -24.83853 -21.54838
5.05 -37.72366 -32.41583 -23.81662 -17.27019 -15.018
5.40 -24.81443 -21.15958 -15.51895 -11.38027 -9.97359
5.80 -15.06087 -12.91043 -9.62171 -7.21687 -6.39528
6.25 -8.73424 -7.5788 -5.79486 -4.46845 -4.00891
6.75 -4.97477 -4.38056 -3.44557 -2.73236 -2.48113
7.30 -2.83248 -2.53014 -2.04398 -1.66321 -1.52653
7.90 -1.62739 -1.47207 -1.2173 -1.01265 -0.93795
8.60 -0.91137 -0.83364 -0.70353 -0.59665 -0.55713
9.60 -0.43836 -0.40553 -0.34953 -0.30249 -0.28481
10.90 -0.19157 -0.17905 -0.15759 -0.13896 -0.13193
12.50 -0.07979 -0.07524 -0.06734 -0.06041 -0.05771
14.50 -0.03142 -0.02988 -0.02705 -0.0245 -0.02359
17.00 -0.01169 -0.01117 -0.01024 -0.00938 -0.00907
20.00 -0.00426 -0.00414 -0.0038 -0.00351 -0.00336

1.70 412108.63313 90643.34886 24939.50216 9312.40948 6466.98016
1.90 138401.41344 44664.21948 16451.57166 6085.52378 3982.49243
2.10 53899.76803 26189.0622 10272.13054 3728.24941 2308.70277
2.30 27180.18988 16489.55242 6232.07105 2144.67724 1241.0851
2.40 20865.55457 12881.53055 4786.54302 1584.49767 877.5876
2.50 16226.33557 9936.77769 3635.86178 1146.68537 600.85655
2.60 12535.38568 7585.0379 2727.69331 809.45732 393.70372
2.70 9567.79163 5734.46884 2017.60952 553.55476 241.42377
2.85 6246.43616 3699.48644 1243.17227 286.66632 89.63555
3.00 3983.49089 2324.82333 728.47456 121.06829 1.90591
3.15 2475.75471 1412.65921 395.9304 23.37887 -44.72627
3.30 1489.35946 819.59208 188.1849 -30.25834 -65.99795
3.40 1036.20016 549.65831 98.0223 -49.92955 -71.40795
3.50 702.47803 353.0198 35.53731 -60.93468 -72.37028
3.60 459.57086 211.98364 -6.41448 -65.89169 -70.43087
3.70 285.18704 112.70944 -33.36148 -66.74714 -66.70218
3.80 162.05537 44.45062 -49.52946 -64.92678 -61.96989
3.90 76.88322 -1.06364 -58.10769 -61.45806 -56.77652
4.00 19.52052 -30.13622 -61.47188 -57.06705 -51.48609
4.15 -30.67794 -52.96906 -60.42232 -49.80262 -43.85682
4.30 -53.5403 -60.42596 -55.42736 -42.59764 -36.95197
4.50 -61.04914 -58.16377 -46.53562 -33.93796 -29.12551
4.75 -54.38788 -47.904 -35.50706 -25.15391 -21.50249
5.05 -40.6628 -34.58482 -24.79365 -17.45787 -14.97275
5.40 -26.76691 -22.53877 -16.11008 -11.48991 -9.94477
5.80 -16.17533 -13.68818 -9.9529 -7.28095 -6.38238
6.25 -9.31303 -7.98452 -5.97176 -4.50642 -4.00611
6.75 -5.26073 -4.58383 -3.53802 -2.75528 -2.48298
7.30 -2.97145 -2.6307 -2.09216 -1.67717 -1.52987
7.90 -1.69477 -1.522 -1.24253 -1.0213 -0.94132
8.60 -0.9424 -0.85736 -0.71634 -0.60194 -0.5599
9.60 -0.45005 -0.4147 -0.35499 -0.30518 -0.2866
10.90 -0.19556 -0.18233 -0.15964 -0.14024 -0.13296
12.50 -0.08108 -0.07634 -0.06811 -0.061 -0.05822
14.50 -0.03173 -0.03009 -0.0273 -0.02477 -0.02383
17.00 -0.01177 -0.01126 -0.01037 -0.00946 -0.00915
20.00 -0.00431 -0.00419 -0.00383 -0.00353 -0.00352
