                  1.66220992425392610770
                  2.89894195558837619586
                  1.35734591233554557910
                  0.54278492722831761519
                  1.53051240932372234482
                 -1.27373204557732044861
                  1.74646576770360129061
                  2.75307132999203618695
                 -0.64136228009454576693
                  0.47031675034788422707
                  0.90691398878854101451
                  0.25527881102263061397
                 -0.83260675157626351517
                  0.19503793248643913616
                 -0.82711092592916324318
                 -0.15952746367030493091
                 -0.60999696156253424562
                  0.50928822366243697850
                  0.35104795911531527786
                  0.49392698777109900199
                  0.18892229961137613214
                  1.01059910160074628571
                  0.68547587520996411392
                  1.66259070934890385018
                  0.40705861358567502206
                  0.97471449248753505579
                 -0.91770674794105633332
                  0.58206718295860082613
                 -4.63633354294548816199
                  1.01165228169629850541
                  1.18128224926236913284
                  1.61149850487194434834
                 -0.70136176604231470488
                 -0.29859708527080963680
                  1.29111683321789816326
                  0.02736904488474609792
                 -1.47304599774925271127
                 -0.91231194290057604501
                 -0.56241715498396116502
                  0.27631362381126300942
                 -0.73044937597164316667
                 -0.85497775957555599557
                  1.15815576895766447763
                  0.34275060870425472226
                  1.19853959642657725837
                  1.42359954482674400111
                 -0.61156957634365061161
                  1.21069678363279731315
                  0.64659059414652086950
                  0.70062533101516577538
                  3.14829138113981343849
                 -0.87015290270330392097
                 -1.77202053032200779192
                 -1.17631478956377155676
                 -2.81695347885844915581
                  0.22890282483891680188
                 -0.43105042910918678345
                 -1.19107657662506705165
                 -2.15043667555501638589
                 -1.30845050582240673975
                  0.56966844733935995126
