                 -2.20210365501630267460
                 -1.55711084630513241223
                 -1.34138594316408488183
                 -1.43391701296012863409
                  0.78400303815401639618
                  0.97079843268524335098
                 -1.60352641167215548279
                 -0.30787070001114374973
                 -0.63527848942492093354
                 -1.38724940621198822299
                  0.33250802205963564395
                 -1.05066815431977977902
                  0.87209165265854704518
                  1.81648484892100570143
                 -1.13927639858533180650
                  0.33217107982826404866
                 -0.38268334569240181064
                  0.53082443310237514833
                  1.15299733041388052790
                 -0.04698878663098078612
                  1.31330763815187823162
                  0.57708367777934455045
                 -0.45136649919084925742
                 -1.86030923417156235367
                 -0.48145550332386727321
                  1.38967896827139347771
                 -0.86065925002218568451
                  1.94326177043702852387
                 -0.32563291316983267176
                  0.98115178288262527850
                  3.00079026130146253593
                  2.26256154823966193490
                 -1.91940056356122901171
                  1.61033466003455871807
                  0.28737046980197678003
                 -1.99058358202327578823
                 -1.88694519597094534369
                  4.50622793118632181120
                  0.90581289418527533019
                  1.14736306943703825212
                  1.58756698742089774612
                  1.26811881867259668155
                 -0.54963744300606454107
                  2.13319055239964372461
                  2.73315959479246251007
                 -0.64460234321622744691
                 -1.56594038448123629159
                  0.97913888807228888211
                  0.08708583296294726550
                  2.88183167759288227927
                  2.03413070081365532360
                  1.33722531223777330034
                  1.90692623391753879325
                 -2.26965300755848486958
                  2.53776530683187129256
                 -0.10641498531675706862
                  2.19849523692024328980
                 -3.32527887943858502240
                 -1.84047205776110378572
                 -3.61129808786772832363
                  3.50543492000996703695
