                  2.11160978119282916055
                 -1.50073080305606421092
                 -1.06913620521614216585
                 -2.66023753098179227550
                  2.51842914150322094713
                 -2.04976439553230438406
                  0.11961131733915184028
                 -1.03312792439755596341
                 -0.74365258511020293497
                  0.72622854823890470310
                  0.82489930944023126536
                  0.44941368920519603192
                 -1.43890997804302478436
                  1.00087271265823574140
                  0.72115407554025590109
                 -1.32281191134080944316
                 -0.33374142978852999741
                 -0.63999226820760068968
                  1.48066937166680578919
                 -0.13681096742253753828
                 -0.54421435206949742014
                 -0.13304232691522072107
                  1.68943980117001024688
                  0.54982882518509901271
                 -3.09266765337590676666
                 -2.39718697959300852673
                  1.81577993700960038659
                 -1.46702552964111676559
                 -1.76491690445646698393
                 -2.30514150023652852894
                  2.70884150255821820608
                 -1.71996115670671523290
                  0.60018277232863814774
                 -6.76837611767325775247
                  5.28132514269757802339
                 -2.82103751508731281916
                 -1.28890691111975153049
                  0.71977220630789684463
                 -3.81662359397077599610
                  4.44017999368155447115
                 -1.15850789876408466483
                  0.61740614757794876066
                 -3.67677734806064293593
                  2.95038648241277012829
                  1.42484610221829632870
                  2.68745940643703828954
                  2.78522524785417635584
                  2.76619743723934075064
                 -5.86295668292366212171
                 -4.00842632712546009799
                  0.57776411099180835507
                  2.03954226002819183350
                 -2.94740229428250533061
                  2.56122464683446038336
                 -0.09123584202623723216
                 -3.98917120816252035453
                  5.23869635054983984190
                 -2.30026589487064780926
                  5.41010496587254241518
                  1.00367426767315404135
                  2.94461924360221249941
