17	2	1
30	30	
1	1501
  0.1077094010414058	  0.5610268352377711	  0.7422087948957858	  0.1121051041848040	  0.3976636679545142	  0.1648819783427988	  0.4916471804447238	  0.3857860661718805	  0.2831691918325385	  0.3882037521453389	  0.1522204504167269	  0.4421453760614367	  0.5704759714414167	  0.1462518019286109	  0.3384258814417380	  0.5668418200216722	  0.1584326842939605	11632.3699999999989814
  0.6789184626158516	  0.5955059083678159	  0.7633837078458903	  0.7066256503039596	  0.4176760778102310	  0.1651789321074263	  0.5039375639721618	  0.3861720304158157	  0.2832812579121544	  0.3885899102804898	  0.4918159738972637	  0.4639837035027000	  0.5841456158442282	  0.4725315939533699	  0.3390202846896788	  0.5670660648008848	  0.5118873640517797	8358.9099999999998545
                  0.37369533853377034927
                 -0.97515443367315424172
                  0.35156311628930808633
                 -0.07124899876774870577
                 -0.30291241901934717884
                 -0.03990353028557789422
                  0.21583856749681593068
                  0.57750837944656618905
                 -0.72761469553586521908
                 -0.76018121204845146011
                 -0.16053060430169358019
                  0.72044298077065505037
                 -0.27092747611116885231
                 -0.45630325330514104332
                 -0.50510879804965946871
                  1.29295897895125411203
                  0.10632396156196416426
                 -0.67728779048115395067
                  1.73091459267375724629
                 -0.69186123578114033794
                 -0.62271604198183116985
                 -1.91349176990656855146
                 -1.09198095371481862514
                 -0.27510215595845965986
                  2.96605194688789675084
                 -1.03721142911958641442
                 -3.31913889235298231739
                  1.06106653910298387444
                 -0.61430991157458347818
                  0.20189655785298030177
                  0.45908544940188084071
                  2.65385671043870408070
                  2.16808852711265132029
                 -0.03519180128809994840
                  0.31800743959595006993
                  0.26834915183262270100
                 -1.52515478690189132394
                  0.26017301054025815388
                  0.73259135605469394292
                  1.22817566191249660790
                  0.87521333930691436187
                 -1.37293472246201297970
                 -1.51897332604711943205
                  0.54473948582090214732
                  0.01517381415059672681
                  0.46084320180922161425
                  0.18610975475280802649
                 -0.24362589787403152175
                 -1.27505707665880763102
                  1.41408596196879465801
                 -0.29174158187571785916
                 -0.74480188001616887128
                 -0.44679903555832983786
                  1.21413253687244004908
                 -0.07141028497511618667
                  0.62239345209331020659
                 -0.77200680501378216025
                  0.13290248492931222568
                 -1.23775596837055390509
                 -0.37089216121792906167
                  0.51378961460173133702
                 -0.08636878473558014246
                  0.06387770180065002745
                 -0.47792471131399821838
                  0.45101572262864536578
                  1.97312402313369283924
                  0.22312474210519828155
                  0.18494451503551836979
                 -0.05665754894070507836
                 -0.88820586310972182709
                  2.51376185310252964200
                 -0.10095485839599598055
                 -0.16344630068954155155
                  2.78337079589994473849
                 -0.41688505088933125453
                 -4.53951499427501214967
                  2.03990440433631947670
                  3.78848900197135440848
                  0.10246719437054027657
                  0.01516379985375194625
                 -0.09206118858345867240
                 -0.12424818802110015881
                 -2.68256076655589215108
                 -1.30636302730130049454
                  0.01032158917140730409
                 -0.20464732599008525482
                 -0.11498743957730998833
                  0.52887514610344787958
                 -0.26085332378174758139
                  0.07365993996604709715
                 -0.84183832168685901465
                  0.03049941251613924598
                  1.24787051223593126181
                 -1.36082270464777721486
                 -0.59764579712381504795
                  0.06790240062893854178
                 -0.63548576534400980087
                  1.37863656457375594044
                  0.11012310574422336240
                  0.66856633879496429884
                  0.93292633800252311449
                 -0.14300532598914056370
                 -0.00049409631921884588
                 -0.67015688640217685457
                  1.39665653324065908159
                  0.03636703699136345502
                  0.38682374826398119305
                 -1.08678343400925259132
                 -0.25711723002111841474
                  1.00934896823194852900
                  0.40026639876433395271
                  0.99599839744705453981
                 -0.30030842346129915654
                  0.13215430203933128950
                 -0.40184636899206827021
                 -0.10254433772550874959
                  0.09526245426533030969
                 -1.60678033101417949702
                  0.11548027151642495380
                 -0.03927916140455568750
                 -0.03084918633594533471
                 -1.40538297250428656504
                 -0.01276994818420903663
                  0.13955533986689810932
                  1.73763192882806838391
                  0.47147833889632673188
                 -1.83060766633008142890
                 -0.33031300886932762895
                  3.30474667470220095922
                  0.17870658001818184868
                  0.48637243620856762671
                 -0.46499351212891115726
                 -0.07693456037113313717
                 -1.99569680915886094041
                 -0.08233799493136959025
                 -0.14457408211511610374
                 -0.04711993150592160007
                  0.14269532798806233709
                  0.85809059394379083585
                  0.00203959675051664435
                  0.02344037294859159168
                 -1.30732329748220887922
                 -0.28342426521484892499
                  0.04313316781081607404
                  0.50999645961009465456
                 -0.35488858736998063481
                  0.02875294131505965259
                  0.03217681498375535992
                 -0.36293518767848098605
                  0.04292044040586393688
                  1.83340369983124729103
                 -0.15407654920598307102
                  0.00521148984453095356
                  0.21229939760152760631
                  1.34756746982273889479
                  0.53199183073689304546
                  0.04014864794884494964
                  0.12683249225547577055
                  0.98243350989179079047
                  0.18917470282091983225
                  0.04227484442425461647
                 -0.26230454291962829183
                  0.06971827565603982979
                 -0.09839740311481913471
                  0.27037316998063531948
                  0.48551077245693480267
                 -0.19284419682691744669
                 -3.11054100523669996292
                 -0.36212857562800493394
                 -0.03863025049356893365
                  0.00303306112872048922
                 -0.12848886364584777287
                 -0.46497574182182843661
                  0.01299182692862714539
                  0.68921937669819965944
                  0.26689930154251667593
                 -0.01377018118992549833
                 -0.26454611771035146939
                  1.23203280194342967846
                 -0.42434510737322922447
                 -0.03595733105044777306
                  0.63863041303039891350
                 -1.15326181456242982115
                 -0.03198583911452414913
                 -0.37178765144688546984
                 -0.27106488182177296276
                  0.09751348279648457129
                 -0.08242882604198860375
                 -1.30255681238372766906
                 -0.18386234467774004164
                 -0.14657594779557095444
                  0.87212990606347973177
                  0.46851559028764933057
                 -0.75471826676809905532
                  0.91940948378875309022
                  0.26532886585127340995
                 -0.95673575784190822979
                 -0.24482770282145754903
                  0.87576609833723040310
                 -0.37975145755195699460
                  0.37499305227995638479
                 -0.70379453399928026958
                 -0.04898463340334174854
                  0.16068087274059825176
                 -0.06765022000693880766
                  0.16579076796146904882
                 -1.38588205276890996664
                  0.09130302735094840416
                 -0.30970196530514987332
                  0.53633203121196992846
                  0.15989391093967211810
                 -0.24065904110512767455
                 -0.92496368673541962124
                  0.55259088313440041240
                  0.01558089106659826459
                 -0.08249797954360141294
                 -0.12063027335736220547
                  0.14714010987892423010
                 -0.73508615268501054096
                  2.58661242919782274896
                 -0.01460513285577373990
                  0.18291554287307831839
                  1.45519153623039088075
                 -1.14571552805269538666
                  0.09386121572800419643
                 -1.69123681739710862715
                 -4.06899489235270195309
                  0.40193270208338588434
                  2.32211608480528797216
                 -0.12490355906942485209
                 -0.42145291648284111119
                  0.40006702753342099355
                  0.01407620380224954698
                  0.60967407156214192820
                 -0.44503729510647216383
                  3.41493496495588066963
                 -0.87160689047599226864
                 -0.22459296345935622630
                 -0.34918795570931926431
                 -0.68335820856289242187
                  1.01485216964609503698
                 -0.13247979979631943626
                  0.13259741986105674783
                 -0.50101928638906212399
                 -0.36749430005031269442
                  0.34250323543678207194
                  0.50564946366539598177
                 -0.37530918480517427849
                 -0.00330820590130523904
                  0.41313783145874938274
                 -0.61968879421653944028
                  0.23391232807322884235
                  0.62122239417443869680
                 -0.10570637559334532252
                  0.11136445807190711865
                 -0.23125254214379156736
                 -1.46384274267167691086
                 -0.04944104761506939311
                 -0.06955986994539993529
                  0.54404552256935634347
                  4.25748523285266067262
                 -0.56577643389561893539
                 -0.79003630267819213717
                  0.21963842629831120679
                  0.87195537820682578189
                  0.12406687837948184028
                  0.01222850211577077018
                 -0.58462072956623667430
                  0.18467006026831780940
                 -3.06939038973717570613
                  0.32326088485756776514
                  0.01214829313744362170
                 -0.11771788148291476017
                 -0.07528375600935335865
                 -0.40982821398172708527
                  0.04145787195139824521
                 -0.00992396717127964727
                  0.71505425412530820850
                  0.14295147123587664817
                 -0.01708672336228646629
                 -0.13466001880441499927
                  0.47321181882541013541
                  0.09982160150271819632
                  0.14409125315646797993
                  0.38111838170151057792
                  0.13111946951983263765
                 -1.40574708020586514046
                  0.09944050828418386778
                 -0.08861927935995755901
                 -0.11859832634481493052
                 -0.22494623648044195785
                 -0.45948984362829792261
                  0.08153392679133746046
                  0.39187608720444233601
                  0.85352144595004786343
                  0.10042448286146181402
                 -0.54498539000007040212
                 -1.64375733620504238530
                  1.56665438926731903635
                 -0.23340046767714939246
                 -0.57573962597848782341
                  0.50927323352520392774
                  0.13824624040105212841
                 -0.87846036673417793317
                  0.36770745030904833373
                  0.06279623752696801564
                  0.14435438104328551789
                  1.70219928679221710333
                  0.65827850709412205621
                 -0.03726460983453964287
                  0.53890756624268565389
                 -0.65410103816010289890
                 -0.30229423800630661479
                 -0.71051177445020285983
                 -1.18815447762078130189
                 -0.58748227377226003298
                 -0.06100722376731636948
                  0.09337160139998267050
                 -0.03184661643090082317
                 -0.10729713376058043484
                  0.36618684232106418763
                  0.55737278480508789524
                  0.00327875868655245258
                 -0.47784973682260856176
                 -0.13080812507805553158
                  0.13638380825384993633
                  0.05061414492252529207
                  0.76204884907861136778
                  0.69641238577389619202
                 -0.81667047903457745672
                 -0.34555172187098992520
                  0.09288840157104308326
                 -1.28530187723135358446
                  0.05189320672470149054
                  0.05672784274269963151
                  0.52880508918673219121
                  0.54041364893280952053
                 -0.05514784642599140224
                  0.73831376399699710777
                 -0.09476401950124871409
                  0.23006282821719722942
                  0.75341038857634490267
                 -1.00960674819498996690
                  0.08475970862234441516
                 -0.23824694551561542699
                 -0.33435702788104509908
                  0.45116656944425637121
                  0.46906777108043984370
                 -0.58224081982639097621
                  0.34954982501096421021
                 -0.03800961974170992408
                 -0.47544965832471097755
                  0.29687090153863243680
                 -0.12305665242376875868
                  0.36778451337718182090
                 -0.09178617948490400136
                 -0.06050592645428118366
                 -0.27911617312357306364
                  0.28637174856572078507
                 -0.32676073707304215121
                 -0.08585781436058366467
                 -0.29045433500434514329
                  0.08107657943914106657
                 -0.05576569644687952992
                 -0.05567509281777485025
                  0.84982547698575305883
                 -0.19347895719602217768
                  0.15095476690513309759
                 -0.10762275472624048545
                  0.22063474664650176149
                  0.17124916196068365459
                  0.16975684580979977234
                 -0.63097762059285600333
                  0.02398443213817870109
                  0.14075449341727727659
                 -1.10494342100836839826
                 -0.76240379829258797528
                  0.27300916882042997047
                  1.41437296648584687198
                 -0.25928760792689808934
                 -0.76275558739559712329
                 -0.78956129780541928209
                  0.18626897033662878633
                  1.10704459200354454751
                 -0.40984650663548172211
                  1.22160072094335236947
                 -1.00523259332745618089
                  0.40496189201016180581
                 -1.23277458045607613002
                  0.44455806156195420975
                 -0.01282918574653658765
                 -0.14241265669707384167
                  0.11840867612468587711
                 -0.27743783930732784926
                  0.01698984613891698497
                  0.06078783946162544943
                  0.79268863933852395931
                  0.13275886608137374423
                  0.61849084947129140399
                 -1.76508004291553199927
                 -1.00116430118335619781
                 -0.02120148628945272770
                 -0.38156290947160054206
                  0.65037608215815634338
                  0.14396056799741685506
                 -0.60405655662666701833
                  1.40972714161862144877
                 -0.02529280285614608076
                 -0.77994617094557394665
                  0.12236368069614245169
                  1.87944772199526743961
                 -0.51440162197786498677
                 -0.19292255718635770156
                  1.25749087494999134407
                  0.00549757121228493673
                  0.82750968759576171152
                 -1.13053315526814679437
                 -1.34132370417038315757
                  0.54250548161368750133
                 -0.03868763409471304843
                  0.95763548939156561968
                  0.04237639333386523238
                 -0.34199279237357033123
                  0.39719737955149658770
                 -0.21505038967253756188
                 -0.34183528310689803575
                  0.67299760591841328861
                  0.25586423985233625045
                 -0.46545090768407643145
                 -0.65061553215114020787
                  0.05147777076810036018
                  0.31268855937110678900
                  0.27312968740320614502
                 -0.81428082390630973642
                 -1.24981877499082472127
                  0.37191246227912894140
                  0.25942972310939466096
                  1.43713744638544893562
                 -0.02537918570772054391
                  0.50396698953241325647
                  0.88278126509985677117
                 -0.26055931241998941950
                 -0.21918017404882805810
                 -1.11970879141193369044
                  0.42826274381978113315
                 -0.08788544944599023523
                 -0.12537662855083978042
                  0.01194653709158057832
                  0.55537919940738489366
                  0.34435901399238821874
                 -2.03228444533309104969
                 -0.09963515199990681526
                  0.23006774951664660245
                  0.76607903824395906511
                 -0.60455462438469587116
                 -0.29978761534072956296
                  0.17698708063430265702
                  0.43805986002923719136
                 -0.04131735253711477790
                 -0.62694880358099891460
                  0.77270961106303626131
                  0.93022168370015756445
                 -0.39807286791308060803
                 -1.05889005874482777791
                 -0.52383499665131882939
                  0.70069959523271774238
                 -0.49829536778623367832
                  0.01226386323353498460
                  0.21155534119163921236
                  0.52380340289235571838
                 -0.28049389481545111691
                  0.27913934176322729996
                  0.14154390564646238126
                  1.31791147579756895425
                 -0.42721078495975173261
                 -0.02558828494094790226
                 -0.90003172799783726088
                  0.72889792294856203814
                  1.43467081938549667619
                 -0.74447494010987180779
                 -0.38504322098750604075
                 -0.09207472326443666422
                 -0.95500306487460695504
                  0.74710945690835528499
                 -1.46702575396560042087
                 -3.36627614911535122388
                  0.46777353136754934448
                  0.52804636458547815625
                 -0.90631469484318372132
                  0.91913206454519591482
                  1.78662123057002864002
                  2.80016840673396671946
                  0.27556358785226670038
                 -0.63069403185605721340
                  0.84518815751211429088
                  1.59768014494871191111
                 -0.42717673177737058854
                 -0.68694794973799522264
                  0.47465200600674012366
                  0.65460665002118101352
                 -1.00524784028283598047
                 -1.55520799904695605775
                  0.55207973426367207281
                  0.49497966281379496278
                 -0.46581687816779526745
                  0.34850421138433851365
                  0.05132880152787482053
                  0.12781005077637669354
                  0.69907277277836488150
                  0.08609375962901091861
                 -0.61963354358643030206
                  1.03253058137130793170
                  0.10308574927010517863
                  1.07645067802106320087
                  1.26679741761610298312
                  0.00276003193788323291
                  0.13058566564974521951
                  0.09137978948828302805
                  0.25127383294330735142
                  0.49608151002815303876
                  0.08019115251361848273
                 -0.00439329908636114028
                 -0.50633020566188302602
                 -0.07317677819038791165
                 -0.17965010746013521103
                 -0.33864203677339976828
                  0.83032753120511026967
                 -0.16974578265247614040
                 -3.34818525953021994823
                 -0.31868248662117892867
                  0.48879668049860414136
                 -0.43910463253229675695
                  0.34975248206365505688
                 -0.47801894271372619150
                 -0.05866440854751280021
                 -1.62750245511101265805
                  0.83284602686863784538
                 -0.78083774060369337544
                  0.30752874554599229917
                  1.14218698837694909720
                  0.60863143731422375549
                  0.28146596288138847619
                 -0.00084221932205979762
                  1.37325753738007905191
                  1.98788254156457422361
                 -1.02853249588628048450
                  0.26824618093892299564
                  0.33883762042747389565
                 -0.09540512922532985718
                  0.55493953448462285394
                 -0.14215220588454446915
                  0.46462480029272773541
                  0.04512488826084929544
                  0.58224170487830484433
                  0.24740555030923330748
                 -1.46994731261103361852
                  1.23825764054015574622
                 -0.60581441653931011881
                 -4.38134986163710848928
                 -0.12923393081479039868
                  1.48502826366811779835
                 -0.61483279821575886892
                  0.23091183231724624059
                 -1.31969586668511129623
                  0.63524215216763457725
                 -2.27587642557450786640
                  0.73316878543535424217
                 -0.10082939561281335783
                 -0.40155965052895770118
                 -0.56421436577551686842
                 -1.23130557153324793340
                  0.01902177408809265641
                 -0.11278381157012988545
                  1.24808231096916522063
                  2.36250199947956485147
                  0.85868342482424553364
                 -0.24765651196823826319
                  0.15205621790653270353
                 -0.69305523815736724824
                 -0.44009677790529916352
                 -0.28644679086327989870
                 -0.22271818533657328221
                 -0.72044254246975159006
                  0.13359314841194935841
                  0.65860419521088964245
                 -1.78826962121409382966
                  0.06662237740910159634
                 -0.35017107218455401085
                 -4.17708145084122683954
                  0.36684327651725739949
                  0.46546733028104969598
                 -0.42052768914070065565
                  0.51266312252450751963
                 -0.52035167760842027107
                 -0.02451114672725837954
                  0.43383221895525941880
                  0.96357949008032062199
                  0.63010826953919951698
                 -0.58741242931091497415
                 -1.13918720100913728466
                  0.31838795467915798065
                  1.10041378380969567807
                 -0.00164739750819414290
                 -2.67001851241652410351
                  2.48643142150166562843
                 -0.18264722686312440114
                 -0.14456583325939259543
                 -0.30820806146041407336
                  1.57959280738584628700
                 -1.93801732432118889449
                  0.65232795340292959452
                 -0.32602698074957453533
                 -2.43083191797774045284
                  0.17953081084489347363
                  0.07947801799688944402
                 -2.53082689129159810193
                 -0.09150229740895815533
                 -0.36859330627170705519
                 -0.44513779563561395314
                  0.46981732555821759112
                 -0.85597502044367790308
                 -0.52907288158615461970
                  0.14859224560964082174
                  0.80782344887785295651
                 -1.17903925380750118634
                  3.12262861910245481667
                  0.01535436684589733779
                 -0.83880127015187477824
                 -0.59944026262590299758
                  0.88334752947167516357
                 -0.89498861244430660822
                 -0.79816056258163226023
                  0.05450804491282520980
                  2.65166372113741743988
                 -3.55311835694610644865
                  0.86476819986333541834
                  0.27927466434549230723
                  0.15036400576460967615
                 -1.54105590127103009301
                  1.79159398516731327433
                 -0.10189441349903165246
                  0.06626295093867763664
                  1.88296570382759465012
                 -0.28907099437257427477
                 -0.11447487651661644725
                  2.83461634432644871140
                 -0.05366424425200127385
                  0.34497283920897259257
                  2.59045007753879730217
                 -0.45372150258090787611
                  0.73950138523541464330
                  0.59772737316044666223
                 -0.39893794142056981933
                 -0.57913926588022712760
                 -0.42347941765678237536
                 -2.25374361431003666922
                 -0.23639700723240147928
                  0.20607598840001969953
                  0.21037859689520085893
                 -0.81179277399607885357
                  0.94326709651036100279
                 -0.59099532638735874368
                 -0.26260422540781275247
                 -0.98824918276173578935
                 -1.84251857853657741160
                 -2.93242008426676381561
                  0.71139695212280706915
                 -0.55353005030532198560
                  0.82878680132935322877
                  0.03487730293851269703
                  0.50642687444670975161
                 -0.04134085351182324730
                  2.93457833507670162732
                  0.16840487435913556458
                 -1.05099142867413086755
                  1.05947465230961812566
                 -0.40668834986389224007
                 -0.13895663800297403112
                 -0.15032582908094327401
                  0.41342246247772368450
                 -0.85922060447519255089
                 -2.32235844878833619376
                 -0.80563974150987904821
                  2.30579480912910605994
                  0.00016762690249881124
                 -3.42226743153046575330
                 -0.04879753116711984390
                  2.03642780734120965036
                  1.20105817765409583764
                  0.24206648075540271314
                  0.75231620076888916504
                  1.14483429106521739094
                 -0.31038469268209750718
                 -1.29574233303605823586
                  4.09508286903108498223
                  0.46779585451017324793
                  0.79539961521498825370
                  0.98468869845276729702
                  0.44130479449879123077
                 -1.03673372435796684599
                 -2.35776892580496211238
                  0.57004837186129742044
                 -1.37995721754624312005
                 -0.52101410988034102534
                 -3.27131983873196086066
                 -4.30722684825973622935
                 -0.42512420849552789992
                  0.65592265344115452397
                 -1.25945888915317216750
                  0.08119171664669723454
                 -1.08493718113857129381
                  2.44467992078371532116
                  2.61914310870539512877
                 -2.20743211877001987986
                  0.77558145748252860230
                  1.17317699148253695718
                  1.03564596792630814193
                  1.09674742856427109849
                  0.13685814464392859202
                 -0.56553235527636502855
                 -0.24841657935973540661
                  0.78232040626668530869
                 -0.36393380787723272896
                  1.41468932067533081920
                  0.62685781781127425383
                  0.26020464010394311893
                  0.38000231177017318451
                  0.12347015391327156864
                  0.70808730954995802165
                 -0.44007114252577378410
                 -0.49586306992051887299
                 -0.11972604465102802684
                  5.81984135034456606661
                 -0.12824399845666539788
                 -0.41470941359426272133
                 -0.94077512181514422185
                 -1.24625437520325954566
                 -1.68518459888987370832
                  3.57324896561985427823
                  1.29147130938418164270
                 -0.07020634984644912036
                 -1.14467012110901156241
                  0.00616179331284356750
                 -0.26585272758554662209
                 -0.68059482565012630051
                  1.32136908886873150060
                  1.03902626113365670335
                 -1.17034258354638565081
                  0.53387317186209359843
                  0.28769412545362099687
                 -1.32146666500873077865
                 -0.27364460211199220785
                  0.20273533899608914277
                 -1.72262605687914360786
                  0.61381030389954827076
                 -0.19618310269049077377
                 -0.00432403918078119471
                  0.41478578565899654196
                 -0.39399429407982855533
                 -0.66003669074979831599
                  0.78980219374174975844
                 -0.17092320593956106256
                 -0.67589407877159135563
                  0.01246859963687157319
                  1.25715797245161309270
                 -1.19846749729249757443
                  0.41233186086129602899
                 -0.57166737861012451027
                  0.03507833562080764356
                  0.36440788116375372185
                  0.66765373984674680763
                 -0.38230494637003420433
                  0.16713929734694393803
                 -0.57488936447742788882
                 -1.36127733886600355007
                  0.82557600514554341231
                  0.40970731122390358081
                 -0.35822526634600271311
                  0.61875412054576650611
                 -0.14637253088559926129
                  1.21972827091630886542
                 -0.39827736876552510825
                  0.25352331473603395562
                  0.02955074331116501821
                 -1.29968809477595370616
                 -2.55852791884117092280
                 -0.42711226551082109859
                  0.29354418141072791126
                 -1.22896616056856244903
                  1.03173218056680426891
                 -0.67120182150181684211
                 -0.75028156255257605345
                 -0.79199367640310269767
                 -0.18861586411809891373
                  0.36640220128105827069
                  2.29921151149974090089
                 -0.04897070249940966430
                  0.63275060176342101670
                 -2.33842771278973682314
                 -0.30949570318076602415
                  1.24965551430422627810
                  2.53391376241423538218
                  0.75354094436390761658
                 -3.61775746889925020611
                  4.09396405485479863984
                 -1.84276860999296920873
                  0.96935570459010167443
                 -1.79167426290097031583
                  1.38620877150365529040
                  2.37275700138992551302
                 -0.26840517599417695882
                 -0.21240450809964725454
                  0.01101443761174311295
                  0.28080685224366586095
                  2.73769426559906881025
                  1.94063508875125956266
                 -0.56320770345242776589
                  1.45845036711454012490
                 -0.25547480965364888217
                 -0.50645773904172808333
                 -0.33068244761346937688
                  0.16153052226503236688
                  0.00177427508406913345
                 -0.13375507496564426058
                  0.11053319703281624942
                 -3.07442536638303209884
                  0.53645043608877307495
                 -0.05218332497782712798
                 -0.36372937529492793685
                 -0.54947906974442006778
                  0.08165499604475807971
                  1.85764275599762718194
                  0.58267413272512935674
                 -1.69132680869657492373
                  1.09328793409722901941
                  0.45819884831743207254
                  1.27874188264298127571
                 -1.22937747566089994322
                 -0.52302690992803724246
                 -1.04412449706906373947
                 -0.62938776760352288520
                 -1.50656438286938754167
                  1.22411330629446402085
                  3.07665259681463210129
                 -1.43151835825879869546
                  0.45250268860584669239
                 -0.26239742319687231475
                 -0.41890651485718122249
                  0.62660876505627405297
                  1.47454898125225519756
                  0.50490337506534899159
                 -0.87439573461089459272
                 -3.16652912937106378877
                  1.39931983303129459095
                  3.74043706626443261953
                  1.30220929747200053761
                  1.15907029509322989647
                  0.94774372375923598977
                 -3.27848122954627507752
                 -0.39811611823301851221
                 -0.09204780187579264528
                 -0.74172849327973211508
                 -0.29243269911723923649
                  2.32196000429155491318
                  3.09307149570491457524
                 -1.86039118918390578017
                 -0.24630399394243451816
                  2.07568370683809222399
                  1.49319626958761886293
                 -2.79022167845136426223
                  1.28312322410150181362
                 -0.69150648089038535549
                  0.09093951163795982451
                  0.87855098435483525154
                 -0.90051216353500884715
                  0.68378739534238297537
                  0.96816425161622421403
                  0.51832612669926092508
                 -0.60262508200981357298
                 -0.20543856497422707807
                 -0.82780566715116854493
                  0.00170061718071948015
                 -0.00947466010936815969
                 -0.00155945827584614617
                 -0.02625978337985476752
                 -2.54374715693068376154
                  0.79608462334759921841
                 -0.47510831829467203846
                  2.20878797301089546679
                  1.02199714454352630355
                  1.33720163492203703015
                 -0.99569385714830782597
                 -0.08935935294896071857
                 -1.08514073533000665606
                 -0.03416700318067773801
                 -1.17572264213047761316
                 -0.25689632689178037994
                  1.39546736775983681866
                  0.80862200694223784758
                 -1.34156228958732359757
                 -0.93483635492508454501
                 -2.12360390891009087611
                 -0.03196153111721106860
                  0.54179794002126013819
                 -1.48225551455361959086
                  2.01200890257357700719
                 -1.03200187671814602730
                  0.62791458497775798353
                 -2.06903761708717137680
                  0.00084062376249596912
                  1.65351645428456617282
                 -0.40001741088544140457
                  0.25035839177555641033
                  0.10754182821410578075
                  2.10275269752607485430
                  2.63867994954945128683
                  0.05777439034610468843
                  0.57551674178858902575
                 -0.87322204703294137307
                  0.46731031764877478674
                  0.06587794224889255423
                 -1.72280024004085818845
                 -0.22306495563735609378
                 -0.80087589258583558038
                  1.42074459401150532400
                 -1.28924967852401972657
                  0.71504011576528836436
                  1.24784282758966780236
                  0.17933886294399081773
                 -0.31105447434228855608
                  0.22964353277873761350
                  1.12453622792244600781
                 -0.10559402203702222822
                 -1.04079354322430783775
                 -1.64775888162588146635
                  0.12501742510334240555
                 -0.06464057854079945098
                 -0.36680867051348425845
                  0.34534968268324300888
                 -0.16311903540492780906
                 -0.91706047933867396171
                  0.79999878038769067778
                 -2.15013060843839953762
                  0.20141262795647055239
                 -1.15020234220960637650
                 -0.08128888156029127898
                  0.47530563806504405600
                  1.30164975367841062592
                 -0.33431282467395290192
                 -1.10937039115414837198
                 -0.57267399638959937125
                  1.19134549015618285139
                  0.14888909350685691768
                 -0.79594165023559249050
                 -2.04181222071176016186
                  1.18729912462191111722
                  0.09270121955764752675
                 -0.76707311679646172919
                 -0.30364514380771262525
                  0.56319995846633852388
                  0.96042506596576171507
                 -0.24509320620329844154
                 -0.09826079868321042909
                 -0.41736008794971529712
                 -1.41954791232057231376
                  0.64743592568697472256
                 -0.60235598649785404568
                  0.61857875691241115401
                 -0.51040215675883382485
                  0.68618133443658158033
                 -1.24930007922801378228
                  0.44886454802436837053
                  0.04450576285870121163
                 -0.10290249286647210059
                  0.02333475145200888598
                 -0.14655349524289124075
                  0.84714440412044500484
                  0.88219527939982200770
                  0.59011264656210093982
                  0.48739056535585328911
                  0.09953833973618873843
                  0.42651365789333978151
                  1.00144126490143592356
                 -1.80345340297078982061
                  1.60686911495422735108
                 -1.38447550218989157145
                  0.01615638724197093062
                 -0.74427448707745746947
                  0.85826833076153852264
                  1.49724705383980594142
                  0.60341287816007349587
                  0.34227844728157369447
                 -0.25108597891132494739
                  0.78054098981566932824
                  1.45880495373912566492
                 -0.36693167610632693165
                 -0.45392711686305331487
                  0.72074207942402968019
                 -1.19958672230504781453
                  0.40915294223890402714
                  0.70537767992108668658
                 -0.77344765485843702812
                 -3.11540153845510481290
                  0.01607059730399365213
                  0.36506330902648892467
                  1.04654646421116992450
                  0.05975720033516584984
                  0.64426511119411444817
                 -3.00019872628561623529
                  0.83510650724047752469
                  0.79597837232091095405
                  0.50687505625419770894
                 -0.19229050031723907144
                 -3.96227748261074763647
                 -1.73612174701698318557
                  3.27789219983382951185
                 -0.38259492514492193793
                 -1.41727826389859168366
                  0.37077690480916847271
                  1.28586183186366520559
                  0.86880891726184183987
                 -0.53770488411954031616
                 -0.27057251077559257846
                  1.27037609950437024864
                  0.08577190928058986419
                  1.04409853102916039269
                 -0.53364743756229238159
                 -0.38547090755830815123
                 -0.77073461592579151080
                 -0.06333679720643771438
                 -0.21538903653244487191
                  0.09611104529447733746
                  0.17764564748356015400
                 -0.01906419311240476269
                  0.48573467968938605077
                  0.58948753130109299292
                 -0.68445251946581642244
                  0.35454583463115624253
                  2.03107721319242395808
                  0.64344393227325491491
                  0.60842057401622773316
                  0.45276011136486293829
                  0.05562311124728813727
                 -0.03528010183606977018
                  0.85416371037745908446
                  0.55952460810759374610
                 -0.16965561974359691377
                 -0.30020454520988537617
                  0.93357921416690359262
                  0.08481666170733266619
                  2.48227749321842416919
                 -4.21586652221415025821
                 -0.83236083199436061708
                 -0.63678282068573466290
                  3.19200931380006158733
                  2.48419015962892153482
                 -0.02271630265690119041
                  2.63060538481400385535
                 -1.86646733512680285116
                 -4.76713140007685343136
                  2.33860570390645117200
                 -1.85289490926507061097
                  2.73439026792483419470
                 -0.03060071734599694934
                 -2.53664342453502689168
                  2.17707646987718383969
                 -1.20562426046781379085
                  0.34940473754572670684
                  5.45865139478652050542
                  1.74975358749401421754
                 -3.64059191391239833635
                 -2.90783908826381898294
                 -0.89794916027639781753
                  0.08955765574946418506
                  2.65563863413358181020
                  1.08366475052040533988
                  0.53984134402665395758
                  0.94386179654395618854
                  0.53162839036719533592
                 -2.95689259157321826521
                 -1.39870344667992285714
                 -0.30796594106159846937
                  0.10737658653691303789
                  0.82079022028072767814
                  0.59510459863926912227
                 -0.20089592866596284182
                 -0.19563619236026474901
                 -0.99546090874195414244
                  0.88940842929880969958
                  0.27189284298422244923
                 -0.37619324112655905257
                  0.71846333746582358160
                  2.33006148411989100211
                  0.09518461017232235366
                  0.99397773165282543584
                 -1.10567216485814800997
                  0.13024696888687764540
                 -0.28297867145188293492
                  1.77211666769951059486
                 -0.58469280761434683225
                 -0.49180798807035541742
                 -1.59515454429743108733
                  0.18429520154790379749
                  3.21630649106314026042
                  2.22241984016626670240
                 -3.20315203154838634703
                  0.54066831194491993262
                  1.51974064489864790772
                 -0.74831038563712981571
                 -1.79426490743019839691
                 -1.07327177411554264275
                  0.63831619962118946177
                  0.01444538789894024046
                 -1.16332282784066554093
                  0.84615771579432852434
                 -0.77668291283628299038
                 -0.35539181762451688140
                 -0.08275182519385915203
                  0.30651992492878904484
                 -0.08358671384323057563
                  0.04416830184163279133
                 -0.06218258860879970901
                  1.97519514295545506322
                 -0.18807542426592932516
                 -0.96416279600857968113
                  0.62671273074920863522
                 -0.63790961937648837932
                  0.50673500650384051269
                 -0.18297157913093045623
                 -0.30702642763484222499
                 -1.00062183294121487265
                  0.32573404963624696951
                  0.13494389134114606610
                 -0.32233364638528971824
                 -2.42163881185184770573
                  1.38860473386550808961
                  0.72328055072173025319
                 -0.91121951493003572331
                 -0.36706591430121954245
                  0.85987432639874639140
                 -1.69380552433316200478
                 -0.61483978058930277566
                  0.49723966085659110359
                 -0.67298088456720295270
                 -2.92620106187829209787
                 -0.72882826471377548661
                  0.63691377055558495712
                 -0.37515621287003952933
                 -0.06368373502768891192
                  0.53167323864919668885
                 -0.18572769750908321718
                  0.22704198343829623541
                 -0.78535713030568354842
                  0.05121916509571463466
                 -1.08279630874503340898
                  2.28658390649072806866
                  0.21938323296649039906
                  0.21135162313987787552
                  2.92538522090235764139
                 -1.22709341638133517804
                 -0.22672278762929867768
                  1.45610754046585277877
                 -0.05308158982663394726
                  1.26880905083133788125
                 -2.66148788819983694864
                  2.33471567157635595535
                 -2.16295014368810889493
                 -0.19407408102407203154
                 -0.24002041438647700455
                  0.84639031145854937144
                  1.44308484908596712515
                  0.15872401425774620987
                  0.41442689658102471739
                 -3.31377276049028290927
                 -2.07541177992828762555
                  0.32998153153727161069
                  0.55460005657070021723
                  0.08081704617171900362
                  1.70064277448721234975
                 -0.16405669052584082035
                 -0.98049732027740943430
                 -0.05053980598723090828
                 -0.57300014141787258826
                  0.03509395630905375735
                  0.26440756493889622236
                  0.38356274469562512408
                 -0.00848987081956424812
                 -0.02510511160578543510
                  1.10278222031168748885
                 -0.71959253103323816969
                  1.50699574707452566003
                  2.36088082495325757293
                 -0.59394515899625199840
                  0.23794978295819421699
                 -2.51029468530689037209
                 -1.74080951125630201126
                  0.63741124290095207972
                  0.26101272707083905678
                  0.99936150825964931155
                 -0.29013132100775496092
                  0.04870245926938453901
                  0.61047185082373123244
                 -0.04036111647520149864
                  1.54070525809657321581
                  1.46593819779479295207
                  0.25724701334916805218
                  0.06585068824077414118
                 -0.10977361800412369086
                 -0.63795083168358734937
                  0.66559366659999441573
                  0.24583054972705620234
                 -0.25915473786142212420
                  0.52504412507714415259
                  0.23323639791776817898
                  0.20618332439624012520
                  0.22927568988546206952
                  0.70623272475741916132
                  0.20932464490795232859
                 -2.13543637754036508269
                  0.07452491201029907975
                 -0.17237188112924453631
                 -0.91630064892660612053
                 -0.18806723381186729593
                 -0.50001920575502956101
                  0.34933402444241479223
                  0.10599270184030391839
                  0.37254046234423976447
                  0.30469628902052670050
                 -0.55886872358301187269
                  0.37620281940527333653
                  0.04678900499661927531
                  1.25803500322815176027
                  0.37700384646692719492
                 -0.69996003379348092910
                  0.03836945877680288802
                  2.11311860336083157108
                  0.63793542570392203217
                 -0.56505725942621443103
                  1.14175774558222453692
                 -1.54801653503081682040
                  0.24515374014264715297
                 -0.40853142723449964446
                 -1.69084093270583490920
                  0.02114684958390567263
                 -0.24745619711153032938
                 -0.95997611967145290990
                 -0.08975362761058348904
                 -0.77617655834915932900
                 -0.20906495253214912866
                  0.08343187590890885352
                 -0.02055900380496307120
                  0.68843644299705586409
                  0.65767982182318573958
                  1.42820058739074973175
                 -0.89980657770495764414
                  2.24438042202874710185
                  0.48162650148797370164
                 -0.67596590300001635487
                 -0.46554661396933233464
                  0.21303362557432609092
                 -0.05439342340550469557
                  2.50614730493687565271
                 -0.13606602412100271549
                  0.36308676888459595622
                  2.16678624286543675126
                  0.22681942537180121988
                  0.61630012840357473181
                 -0.62311808704860194297
                  0.79191660129316088224
                  0.36308382305944603141
                 -1.76416125724090666615
                  0.65694707096959703563
                 -2.08627542140775101842
                  0.25998575169913723526
                 -1.40557884179844538863
                 -3.37145237322584323536
                  0.02376772311321760991
                  0.01121720185156564048
                 -0.13962309355772140051
                  0.23951800678145443446
                 -0.00847502015170472148
                  1.21893880245156793762
                 -0.03509047927794246846
                 -1.26184597286691912998
                 -3.76741358830972483673
                 -0.54789593352365972834
                  0.18137904953891689774
                 -0.99035731958004324937
                  0.21999109735089555917
                  1.83211733198655357668
                  0.07855345645608960425
                 -0.08983020756609340352
                  0.23305026656427127452
                 -0.74126197968361873247
                  1.75097136372185047115
                  1.26805907505061266072
                  0.74386940025968928403
                  1.23085541395127839870
                 -1.41578510115278377590
                 -0.29654783171411619458
                 -2.52352511239259902354
                 -0.29372922641672660760
                 -0.17317073332368304595
                 -0.23089935398953506662
                 -3.73884509145318277845
                 -0.43338061278563788647
                 -1.45340288191269850770
                 -0.11184483907111786305
                  2.54819151637590657344
                 -0.39880145890394630426
                 -4.20298943844220929122
                  0.72655838881032852594
                  0.30847453133614843868
                 -4.03353421427524061471
                  2.19951980857461304453
                 -2.26870527892522311220
                 -1.33465058091650123906
                  1.69043820972433533889
                  0.52980124376201254144
                 -0.70325377591630455765
                 -0.15461332877072531122
                 -1.36832505719522345977
                 -0.05559090319069048131
                  0.31808361227259562831
                 -0.24123577214805533298
                 -1.25696218733483688901
                 -0.40459616508516565991
                  0.04044914035615048559
                 -0.56870720974090360755
                  0.35730864483818985944
                  0.36585321141289040003
                  0.13921122818550546452
                 -1.54681618789180741480
                 -0.15699157781640815656
                 -0.51765132318338913375
                 -0.45270703215668228747
                  0.24976295694386313473
                 -0.17583329414882142849
                 -1.60052650279222197227
                 -0.11396854477864483413
                 -1.46632155418747256448
                 -0.93849919790264213493
                  0.34698948220756803407
                 -0.02580181880323448307
                  0.30568895734646822637
                  1.15518670363340647533
                 -1.06014969854230400870
                 -0.33455213764400021370
                 -0.29968066905502144248
                  0.47101591556566502206
                 -0.73499258577442438956
                  1.81112757958155845550
                 -0.84756922968951586839
                  2.94281631767363505148
                  0.32034960060866485287
                  1.23955492261730171322
                  0.02754863350165078981
                  0.17989059045936478531
                 -0.01817248785955796753
                 -0.22414837027716660867
                 -2.31422669287951743300
                  0.58174159529697788695
                 -1.99068692619798892629
                  0.10201634609965337663
                 -2.11484908359391043930
                 -1.82674319203658908073
                 -0.42868631321824485214
                  1.45215636179749063572
                  1.75210182377042200663
                  0.87412178029062392870
                 -1.00056063759287705572
                  1.21030817543513480317
                  1.36460756195851029560
                 -3.28335089104337374266
                 -0.76307097247854727140
                  2.07049480243480044095
                  0.40487720440301122604
                 -0.96497088802870201185
                 -0.17372961258689315067
                 -0.48623590176305481192
                 -0.39828858182730009219
                  1.01720430251757187889
                  0.12960809576632695284
                 -1.20532763849517765564
                 -1.32728456675641437457
                  5.16071118631405489907
                  0.77101482784035324514
                 -0.06865708445272060423
                  0.47108503986669209018
                 -0.95805508370995473566
                 -0.96172557040820871865
                  0.58444413853785470714
                  0.49609844587117257753
                 -0.35397703833360077974
                 -0.86866909832152161552
                 -1.33196350646707983856
                 -0.01709147351400708628
                 -0.34784674526274572681
                  2.10037554684034111219
                 -0.27922395662884053058
                  0.02254624206756202301
                  0.08822311397134979805
                 -0.46289759064593732907
                  2.40985286336340820412
                 -3.74234751908471041659
                 -0.08985344969236654100
                  0.70471138444819314550
                  0.96497872653568628198
                 -0.37800945677403779976
                 -1.07292287852131118520
                 -4.41428757594749843207
                  1.48674567763103304685
                 -5.67203184593761822185
                 -9.29523232764529971917
                 -5.20846608329126059544
                  5.52705838744651423156
                 -3.33868145484311451554
                  6.32817714608602877036
                  2.65556349211033015933
                  5.92898881651681630700
                  5.73468199994286820242
                 -3.92253080325962821817
                  3.35010116640472821459
                 -9.47273102998384253226
                 -4.46416981481667463072
                 -1.17196723903916932841
                 10.83078835587172328303
                 12.20037820515268300881
                  5.50877582675441601623
                 13.53303677486118239415
                  5.90261799253455166081
                 -3.07760690753864052382
                  3.16760549489055653893
                  5.24712147513529902909
                  4.31691651356350458713
                 -5.08007928627636839991
                -13.65574637992649265072
                  3.99915567327479148929
                  6.11603125523201196501
                  7.36413289355867650698
