17	2	1
30	30	
1	1501
  0.1077094010414058	  0.5610268352377711	  0.7422087948957858	  0.1121051041848040	  0.3976636679545142	  0.1648819783427988	  0.4916471804447238	  0.3857860661718805	  0.2831691918325385	  0.3882037521453389	  0.1522204504167269	  0.4421453760614367	  0.5704759714414167	  0.1462518019286109	  0.3384258814417380	  0.5668418200216722	  0.1584326842939605	11632.3699999999989814
  0.6789184626158516	  0.5955059083678159	  0.7633837078458903	  0.7066256503039596	  0.4176760778102310	  0.1651789321074263	  0.5039375639721618	  0.3861720304158157	  0.2832812579121544	  0.3885899102804898	  0.4918159738972637	  0.4639837035027000	  0.5841456158442282	  0.4725315939533699	  0.3390202846896788	  0.5670660648008848	  0.5118873640517797	8358.9099999999998545
                  0.33262428264670723665
                 -2.68413738391458078780
                  2.03239978343349214640
                  0.23969776762509156787
                 -1.13389617336187464858
                 -0.84667594116093036760
                  0.05843614118573722815
                  0.17737170909897864712
                  1.08690941776114269324
                  1.59219948449201376128
                 -0.11050320102225574814
                 -1.57391055817703295894
                 -0.20303457217663115064
                 -0.30075770130875312258
                  3.39314617778185789732
                 -2.75428185318178542218
                 -0.11571569134298248516
                 -0.47890851432816927691
                  0.13798254687744934688
                 -0.28758010582621507112
                 -0.14525464410658023295
                  0.02688287012074137491
                 -0.13137777178598064598
                 -0.11840302806885924514
                  0.34787368803163698505
                 -0.80474753668824783315
                  0.42769152392607434621
                  0.69493709037222195501
                 -0.48789206353477870826
                  0.16777965672341971226
                  0.00060437345638415492
                  0.03701317672034262068
                  0.78738885641525957482
                 -0.49145903332851320622
                 -0.21573160547898700967
                 -0.67527957409545125156
                 -0.75903387656014553730
                  0.17117940424103267327
                  0.27578444853947675641
                  0.18764212909567404286
                 -0.12470316235396540494
                 -0.36719737212211611688
                  1.57105643906204850424
                  0.94605259737638081052
                 -0.11671481477542242078
                  0.40055860052547004324
                 -0.45396323299569718568
                  0.34225704695600167593
                 -0.83016393456123904748
                  0.20070879055013599035
                 -0.04591722979400633675
                 -0.97382995268490257779
                 -0.02880152253209533608
                  0.36053987497100919990
                 -0.21862944768989048261
                 -0.76328188784514661158
                  3.16753552740258070841
                 -0.00454120216162713121
                 -0.29765589214489557301
                 -0.04633032905245110938
                  0.29108257999683317951
                  0.71980684937437022786
                 -0.40987544748894022550
                 -0.31379656211199391525
                  0.63648248211843139188
                 -1.84007011024008493294
                  0.34198786174544226757
                 -0.12654100759489503303
                  0.27944862454168928334
                  0.00281023935117536393
                 -0.26474207301023472416
                  0.19861429641356620479
                  0.22390186635727540865
                 -0.92412823983957748109
                 -0.53497731728625264047
                  1.26408581036375289308
                  0.81419279209904571459
                 -0.74218931159054879476
                 -0.07827266145764158467
                 -0.45585323220076118256
                  0.09902433838429955393
                 -0.16470996063243373286
                  0.93951927291416936772
                 -0.39799029125477780600
                 -0.00949054120619599595
                  0.01068478954376884948
                  0.17323434633936685145
                 -0.15106474390348204051
                  0.06860648128026450299
                 -0.57641221853038371314
                  0.62358554660277099035
                  0.26502513838426866588
                 -0.73014636168913271685
                 -0.09073348264187494627
                  1.53584092396281657322
                 -0.07523780542814455241
                  0.32156969064300688910
                  0.00204287976268967622
                 -0.10814080638345070773
                 -1.24050986480844871451
                  0.30724587637238759408
                 -0.10910801859320851115
                 -0.06346992461876053981
                  0.24100739731128342780
                 -0.43483338310750868638
                  0.19499480011675457414
                  0.08133229893697316304
                  0.22830518839663863084
                 -0.41202104877900380675
                 -0.48775410163431398569
                 -0.12125767554766860024
                  0.39275969777800012750
                 -0.09581748718712690405
                  0.21605961050088623443
                 -0.31039522943332403804
                  0.26222836883335659541
                 -0.69482894680024853695
                  2.12487723958770180488
                 -0.08037893429588939542
                  0.14787782107849839486
                 -0.55414390133796442850
                  0.26821416396897956869
                  0.06232582424328661497
                  0.35521658631680524953
                  0.98635379482641194482
                 -0.36498036948213474773
                  0.01124376579310312589
                 -0.49898085955874976749
                  0.02317100858589892995
                 -0.05957430628934360511
                  0.71658397240110927040
                 -0.34885689097330563335
                 -0.10816022694404682503
                 -1.51552209603090437540
                  0.53300238479297057381
                 -0.01747745141679009351
                  0.20137564580472214204
                  0.44504963732485885997
                 -0.87961164965835791918
                 -0.05408550641420507843
                 -0.21667251046129884506
                 -1.09539426000432982278
                  0.04510859791284580617
                  0.28654321380936370600
                  1.49241383475800248881
                 -0.58555816463638798997
                  0.12309147679496713901
                 -0.10636146544047597740
                  0.02324112103267561569
                 -0.37124855312242249772
                  1.35664017025794292337
                 -0.46656748118332636022
                  0.04862448021645286028
                  0.28094910305931514172
                 -0.22309510222041059602
                 -0.23391748008544230308
                  0.42291502114050610883
                  0.70818163329498295955
                 -0.25798797528507344534
                  0.32381626886452213876
                 -0.66144553199856903625
                 -0.08127168172794496659
                  0.08528503816839551332
                 -0.56260435039899048260
                  0.18522021472781877161
                  0.24893324933018182166
                 -0.03003505895159693656
                  0.17849089005540452746
                  0.47092977185169354604
                 -0.13782563276405843111
                  0.04075536607028215630
                 -0.37577656526915770296
                 -0.08790507664719628134
                 -0.24579081205132966015
                  0.70662914931475107050
                  2.14564116593060605354
                 -0.47051635533248276078
                 -1.54447382843812830444
                  0.23898127348183417773
                  0.47694636336554346867
                 -0.08497840353786585699
                  0.59822367093468697963
                 -0.41805420809960092132
                  0.03485576603562551279
                 -2.28094352378988363128
                  0.64584729494031645203
                  0.18210642033502130732
                 -1.17327287555385439966
                  1.84212366228599777607
                 -0.86952023011115397999
                 -0.82609968405080913545
                 -1.69239069493453375692
                  0.48292957229656674478
                 -0.56310546592620702722
                 -0.87305913509672006256
                  0.04678127910208063067
                 -0.76125164875951156773
                  1.30807638864604713902
                 -0.17682622631828329163
                  0.41147143945386732700
                  0.89754235496609813261
                  1.07738293591878719901
                  1.81435632540637703514
                  0.01799460112759147107
                  0.07978767896172953011
                  0.53943886762577297755
                 -0.56873961783436133288
                 -0.07422487873348156129
                 -0.81548503137630146131
                 -1.57569880284532803927
                  0.53591140084879651528
                  1.27945371510810690374
                  0.33230906506734075867
                 -0.88991382950400865770
                  0.18003623802456664160
                 -0.53729165367018105748
                  0.36671981689251664793
                 -0.16282046452144957605
                  1.80397740142574081190
                 -0.10100955951599907556
                 -0.02160182366564524989
                 -0.01704857075925436324
                  0.45055389160279135652
                  3.90989240299352580621
                 -0.19691321528879976444
                 -0.28732503242342588567
                 -0.85062680947179269975
                 -1.68256096568186097606
                 -1.71344602096442910621
                  0.02566756897262052056
                  1.74211091701054665570
                  0.09503687818426513612
                  0.01226866400070577255
                  0.33203596264540741201
                 -0.11930779946953522230
                 -0.16354677883119123072
                 -0.83212876869340401953
                  0.12614712686953485909
                  0.03769939037501479628
                  0.02651213187609878161
                 -2.26039208688938897396
                  0.21920276903114757627
                 -0.28659329602182970209
                  0.45224727240264589456
                  0.80494593646195833347
                 -1.71612771673963226959
                  0.59822500042889348304
                  2.37982948524073512075
                 -0.09679592705406954434
                 -0.17620555945817045762
                  0.36949494279188432877
                  0.01175615872697891029
                  0.24908450759440090017
                 -0.88511910303192120608
                 -0.15952612021302670087
                 -0.35201722422074016583
                  0.06543143116503509493
                  0.16211934243366804553
                 -0.08768509157361795148
                 -0.51084729180916699232
                 -0.81111568520478993793
                 -0.10153526302022415628
                  1.47432829904590834147
                  0.05701114196717703420
                 -0.42418166258276202019
                  0.27411012130468948023
                 -0.39519041598988674524
                  0.16569982044682082800
                  0.19820781940508877539
                  0.98551379346212308885
                 -0.53058202119789710238
                  0.01355169075551695447
                  0.31961931801471316072
                 -0.61888533243003884809
                  0.12951012381581922250
                  0.14360788617595662831
                  0.70955524277817050294
                  0.47324879633236532905
                  0.13234520358380921778
                  0.04440810230737508857
                 -0.68700344671361623927
                 -0.31524429817397142672
                 -0.20742146014849738300
                 -0.09335652949148653956
                  0.38859128305384371682
                 -0.09073198866896939330
                 -0.38670734583298932430
                 -0.39691809654794529827
                 -0.02327216356924847324
                  0.09361792397321073989
                 -0.95806055670815359893
                  0.43305067391307844327
                  0.27042611832000024163
                  0.59641327514920505770
                 -0.83423798845714880468
                  0.73423584808686837011
                  0.06843122349519210890
                 -0.25286413263874357726
                  0.10227982719209587070
                 -0.23494182934017265874
                  0.22461266398028503777
                 -0.41382278360428842445
                 -0.15738406872285284899
                  1.03841424585159036731
                 -0.54863360809570882459
                 -0.10913359199465114124
                 -0.05560833833985334707
                 -0.10454871975039589649
                  0.50105874178779463701
                 -0.13243266853043533793
                 -0.04384783064305687594
                 -0.10933239193252215771
                 -0.09872423816056091761
                 -0.07939527645595717553
                  0.50243288632845251040
                  0.50131325138683380249
                  0.14237514458104041926
                  0.34120104654881749928
                 -0.38042658461282718996
                 -0.11702702355991484451
                 -0.49472639981332322545
                  0.00301937320021080204
                 -0.04107720940512307045
                 -0.04736891222767898590
                  0.30894199949810369210
                 -0.59736131379697854360
                 -0.01672952376371875452
                  0.24718228395500221883
                  0.25680493738424159389
                  0.05783371456619477297
                 -0.53628424373143945836
                  0.12561292171121909989
                 -0.29973573577658618738
                 -0.10666064088893000006
                 -0.30728301629076626433
                  0.33145578353267823868
                  0.09171391139751990107
                  0.36813715587546830266
                  0.35517505962242756912
                  0.04205523488093893675
                 -0.61590724949284858525
                 -0.85328969214866212667
                  0.91239226810288998060
                  0.04014583157445491407
                  0.36622527750478667263
                 -0.50767488708713359724
                 -0.20190202057508924161
                  0.88994501722447738601
                 -0.20395099760293691760
                 -0.98340119563765582278
                  0.00038758807543322858
                 -0.23412966356075098906
                  0.11969373013710712939
                  0.43400926178046966841
                  0.37330076341025691944
                 -0.08794924272375326257
                  0.04507079256782281496
                  0.30306256466786735126
                 -1.60022220165352835330
                  0.72195683198993765295
                  0.32197730958257686495
                  1.07171403125178787974
                 -0.59693622038142724051
                 -0.03540498606793748143
                  0.75816353084658982819
                  0.32984763901050134782
                 -0.39351719630437809183
                 -0.18492497898417398217
                  0.38939704634662863914
                  0.11845199400604207451
                 -0.20523673724126959006
                 -0.00590830251578914473
                 -0.78924146665551586644
                 -0.16925899314070499968
                 -0.02351759481109108596
                 -0.26085913608048377776
                 -0.09315609587197906660
                 -0.23291814923952267047
                  0.39387471594677991860
                  0.85156208177755476907
                 -0.05661233412990973601
                 -0.85655223720383821817
                  1.05850507118359793424
                  0.48340556226685921226
                  0.15531663550150978659
                 -0.39185655040446393249
                 -0.11484194083353778393
                  0.07628119243597068777
                 -0.29657213802853921170
                 -0.86771872015907225428
                  0.20911716678814476489
                 -0.76279101499448065393
                  1.50533863740302176204
                  2.88974808144875749960
                 -0.68929114621261577955
                 -1.87928315149361702119
                 -0.84573619792295462450
                  0.30339644158114931205
                  0.33566485666280082567
                 -0.65860150565593411631
                  0.47733649307641395909
                  0.90125575747632902246
                 -0.38670915032730868166
                 -0.22310848744029893043
                  0.21169716637644114821
                  1.00403927279922977611
                 -0.50694280426365256886
                  0.24442252021745633495
                 -0.46085536249018294042
                  1.40468386496878805403
                  0.07384204728655650862
                 -0.56123012311939102226
                 -1.15615011830734593090
                  1.51039697424785313018
                 -0.20515085235013777454
                 -0.44828504097248722537
                 -1.35293494115553447621
                 -0.65755341096687058844
                  0.56470215958522218536
                 -0.10521031764667831965
                  0.39058522736556539057
                  0.34619050365124659496
                 -0.96264335530802669361
                  2.23411606817099794853
                  0.03264266603032670716
                 -0.13045516565468642800
                  0.11648788271189541854
                 -1.33818889951805997107
                  0.05935179793544893140
                  0.10148190956495244108
                  0.18416287244670867529
                  0.47792859358631067934
                  0.52187033438511842842
                  0.49098203602531620415
                 -0.63779884555757393461
                  0.02565831351196688412
                 -0.05970843181885706480
                 -0.54237696990711836698
                  0.00511912038728132030
                  0.06067420007254814562
                 -0.51406414461059934951
                  0.11275418234363726588
                  0.19037855085976521097
                 -0.00909115579167178375
                 -0.18111281466388479133
                  0.52904523004050263424
                 -0.03158192012067057713
                 -0.34299528376911703198
                 -0.13516513125901680192
                 -0.10724802983687643787
                  1.12633386138021074352
                  0.04088820467978365736
                 -0.08320660507942539974
                  0.44343289906794780553
                 -0.36939436794191271574
                 -0.18899618794406394806
                 -0.03479245174470456392
                 -0.20664061250094176159
                 -0.26125094970492895863
                  0.81206396658637547414
                 -1.97990089246985334626
                 -1.09304124365347088421
                  0.47516847992835276049
                  1.90781000559242874814
                  0.35366173738576928143
                  0.48603780106924282522
                 -1.30042995461200483476
                 -0.10531676586585848876
                  1.69951609259674629726
                 -0.86939166799595457569
                  0.88861570442377757484
                 -0.61948448552880019946
                 -0.72883205718659582750
                 -1.68282741135574909208
                 -0.02317888883565396782
                  0.02034563102577315735
                  0.00008819219331011608
                  0.63757724012839978034
                 -0.44728746738209157474
                 -0.29899139816651187918
                 -0.36221303682762961973
                  0.55768130325062315045
                 -0.08801922071957667126
                  0.12554729575152193122
                  1.10446994578404233955
                 -0.22190947406719002677
                  0.28257064803687814702
                 -0.32190058019396972089
                  0.34120218255271922425
                 -0.08798445579505689840
                 -0.07684560273828697219
                 -1.28750429227067453297
                  0.14284814937109957533
                  0.18616289989488696288
                 -0.28718029812826462166
                 -1.36999622693099087911
                 -0.14743623940311006981
                 -0.06550809797266710088
                  0.62429721899214962733
                  0.09862785408813823373
                  0.22286347102201400916
                 -0.76418730067159723607
                 -0.13826952951419319016
                  0.08457969620655826637
                  0.01764829265279528256
                 -0.28769733036400457760
                 -0.03331028727659933464
                 -0.35933472471272359661
                  0.74550439638020526978
                  0.28975806022592198730
                  0.80666496371347107264
                  0.00720402665476536832
                  0.86668891337903453120
                 -2.95326641077673679447
                  1.03304485387318889522
                 -0.90494772222303143661
                 -0.42773762395457887164
                  0.30786634936757256709
                 -1.06682126224605222653
                 -0.37067407266416496636
                 -3.54572719214530707177
                  0.11021532888731307154
                 -1.38322631096551762475
                  3.86396843858127381210
                 -2.64143213695489986748
                 -2.78891421439542996907
                 -1.21884037805875133920
                 -1.25991531165373826795
                 -0.35178375081364859911
                 -5.41506072548501382613
                 -3.21764343996297075279
                 -2.74874695876731545141
                  2.47125863591350913850
                 -0.81868380879446356335
                 -1.68522815154775873481
                 -1.33852220795834164768
                  0.51174806202372946640
                 -0.97250833185697194150
                 -1.11568598828978093884
                  1.53260077035535635659
                  1.31242500601124367776
                 -0.56936970688850585542
                 -0.62838387490500746679
                 -2.03404970907351012599
                 -0.90001067829262892950
                 -1.97453139483881967564
                  0.50743953027412636025
                 -0.29006747414358252657
                  0.33385610509040580807
                  0.04482203799032789121
                  0.15405009411291931132
                 -0.20333068508745927305
                 -0.64069571182707152346
                  2.57661414227250062936
                 -1.09284802038163109117
                  0.75467551442567615272
                  0.18929127996479960805
                 -1.38643709671882664480
                  1.24781330559817971171
                 -1.63795837509009567512
                 -3.57588124766192105852
                 -0.83037206217952963527
                 -1.00246464832593384919
                 -0.18648512357245231041
                 -1.14510570076537665507
                 -0.81576959392310244290
                  0.55377730162992588880
                 -0.77745845014667136486
                 -0.83906342455371074607
                  0.26248714439830178602
                 -2.10843599943207671288
                  0.20630406154218217107
                  1.15319511629419069187
                 -0.83455254557840852225
                  0.35436204651250396980
                  1.01703559768999918234
                 -0.13215253969538681700
                 -0.93429196072511200288
                 -0.41112370831389349890
                 -0.05802583076653117927
                 -1.26521342591842356207
                  0.12324575801943778164
                 -1.37167096680879296855
                  1.43056608360717474326
                  1.40802915831296715510
                 -1.25076546458839943377
                 -0.58087360199824222828
                  0.22538702159453163909
                  0.80141386252092750020
                 -2.46879352841390975470
                  0.13760601078598760916
                  0.05292885136159390658
                  0.98823473218544966024
                  0.04539166368933318652
                  0.32211980560202468915
                 -0.26672650287946114700
                 -0.37659387462323279383
                  0.10032098633863392734
                  1.35631017458467839631
                  0.13100279562931085864
                 -0.46521354765206790471
                  0.57930816475368340779
                 -0.67331495136721219996
                 -0.50187400162292539196
                  0.03996929119061930213
                 -0.22268816574966834865
                  1.27495660860537385339
                  1.67720791896333287774
                  0.13617900262094029262
                 -1.71438736053101203893
                 -2.05821528171357526205
                  0.55586059095156248322
                 -0.57965197928093481483
                 -0.05076942096135109161
                  1.67202054406073941095
                 -0.09368838664648536374
                 -0.71043390121746907706
                 -0.35027657019067393041
                  0.59381714102236315966
                  1.41755451947558164250
                 -0.37544599135998674155
                  0.08543598523462352101
                  1.38362936691223592511
                 -0.00047991584196711455
                 -0.40515391185856908240
                  0.57040876448210342531
                  0.08209493811837224875
                 -0.58120131992979107149
                 -1.03386446039687163179
                  0.23365899813914364769
                 -0.29297048035008999012
                  0.59904164895081957187
                  0.52321470296984851078
                  1.65157370337876741040
                  0.05620558929035410212
                  0.25679277667967626009
                 -0.73851695238189007942
                 -0.20908133955399504922
                  0.06036070732601418742
                 -0.15503061720011460101
                  0.06569087839123638473
                  0.25394839471376079443
                  1.42403717956825048851
                 -0.18309539760958046251
                 -1.08212954615779644030
                 -1.24605462490453944291
                 -0.41447624950076061845
                 -0.53768293920311771572
                 -1.75506524691345178191
                  0.07835843521790186728
                  0.12732929151719318828
                  0.16679683933305480825
                 -0.49853138431961058208
                  0.10657621569190711686
                 -0.48184877124430358641
                 -0.46642306088345553139
                  0.29366636476960816804
                  1.53587530938944261116
                 -0.06019611995800415449
                  0.26546693497739121126
                 -0.23565976959732812257
                 -0.02213394840275201628
                  0.13709749899642681426
                 -0.48583447861562517600
                 -0.31462334810161490806
                 -0.29257119378163615186
                 -0.28079942587236406126
                  0.79662484564771329776
                 -0.27192784554923793428
                 -0.46239715498260897109
                 -0.02397012092535356215
                  0.48612851603823920010
                  0.27096758755233690819
                  1.66048613036601366844
                 -0.52994873410087439680
                  0.86438395358107744659
                  0.48369222187715699146
                 -0.48733462911457586797
                  1.26641775033949666174
                  0.20084679294544985351
                 -0.25836302962189400256
                 -0.11020165666976725061
                 -0.44098674231575646365
                 -0.03778425351383309788
                  0.12261722244355224842
                 -1.18421698435163813556
                  0.27643679612321497840
                  0.12097563287994797521
                 -0.33480117930999697684
                  0.14682250170917193755
                  2.29191578517966654260
                 -0.24726096447341502915
                 -2.81146483501710564568
                 -0.76570079923264111610
                 -0.62356597353700871089
                 -1.39446471827900619900
                  1.73492321412038208450
                  0.94399027529048740170
                 -0.57267685070991836138
                 -0.73903916414278969516
                  1.17055106794945240622
                  0.17221792956501910665
                  1.78777296277111608092
                 -0.40457264786157937086
                 -0.38632227544594383017
                  1.37703159851207890263
                  0.34198776753659815286
                 -0.30495988634823795183
                 -0.63374624845471771994
                  3.38879986048866577164
                  1.33613992371396883563
                  0.44139081566818899605
                 -1.25693693439957199232
                  0.30320064152456993600
                 -0.21982621471221441833
                  0.80221107383386447420
                  0.98332489958202440317
                 -0.16263811863670574187
                 -1.14329318493453668815
                 -0.02506456742300075535
                  0.37072829930810824450
                 -0.54130869042959184334
                  1.51015185688925646090
                  1.05120160387869399088
                  0.04873007446841356310
                  0.37017547430336555925
                 -1.54112014039623446138
                  0.44915306272395283393
                  0.26701257358459329350
                  1.38175962868559509822
                  0.79690787695335407737
                  0.05348768801604435186
                  1.85483600270276971500
                 -3.47354073755442183113
                 -1.05106086423823419373
                 -1.02158432984391156495
                  1.79602173368140216603
                  1.27129538689909526994
                 -0.46889354590506249210
                  0.03742140387603272444
                 -2.32889567841430045192
                 -0.70017113371195138782
                 -1.91307527709817626338
                  0.76571428107126271456
                  0.85791142093859018569
                  0.93176959339538711902
                  1.47793288423926982844
                  0.07558440718725786822
                  0.70323330199608247160
                 -1.42839417230193066466
                  0.05763974477134642393
                  0.10948388822215712746
                 -1.01285816993932176189
                  2.15965999012176457228
                  0.28499818707426810560
                  1.21725214263555736594
                  0.07055592824003333041
                 -0.49880309760915236827
                  0.66819733521295354706
                  1.07244767154612974380
                  0.69343523460401268466
                  0.08978728841837554930
                  0.62526865787653507223
                 -0.07864391766415602947
                 -2.43656681593843194022
                 -1.07960621833597403274
                 -0.10426198899866030712
                 -0.17230382815149231091
                 -1.08101367419024363414
                 -1.63060428162362525129
                 -1.74958872435546219926
                 -0.55132653615469817687
                  0.48094521666586553810
                 -0.09588736124555223561
                 -0.12116527547738276116
                 -0.05211888983365871308
                  0.12585378309097411398
                  1.52118433067236447087
                  0.16079812281094330029
                  0.27639685517150586191
                 -0.87818036134031340900
                  0.14548715910566703546
                 -0.40592801922473376042
                 -0.79569960576496612248
                 -0.71509730058528142571
                  1.59310329579508125342
                 -0.00989526101280647531
                  1.16042156902744864055
                  0.61643422182136320409
                  1.11230640225544119559
                 -0.99037981169307176543
                  0.11408759590459408018
                 -0.51234874872492242037
                  0.92625962086050228628
                  1.81203030261187891803
                 -0.00158212052040271767
                  0.03272218224393606129
                  0.70072659736081288617
                 -0.96280195203658414105
                 -0.33606832108286571748
                  0.98780465901737968260
                  0.06214091433150990829
                  1.27191476221668153812
                  0.14267371109597370982
                  0.41700150791492979208
                  0.66292628827545596604
                 -0.67151518482091232531
                 -1.07610171508482488356
                  0.46247915905831171735
                 -0.46171381993675558730
                 -1.01767185236182422514
                  2.34613176613673157789
                  0.78045996042367560275
                 -0.44080199501122452332
                 -1.19868081940592374757
                 -0.11746604544532435188
                 -0.01027113664731698663
                  0.52151063576788436738
                 -1.23672412210986459868
                 -1.59556966744626849142
                 -2.27400947327607649839
                  1.01097626739463031242
                 -1.99118210277816776177
                 -5.36940965856351493102
                 -0.36086897791567273952
                 -1.59939862601779103635
                 -0.24823089975403916929
                  3.53771755279061128618
                 -0.40614807241453154685
                  3.68429275936470146391
                  3.60425551358233864363
                  2.18930253976565891705
                 -1.88717772952352769167
                  0.30408085547135677018
                  2.28489103221339506788
                  2.12586307694900344956
                  1.45297150044860057250
                 -0.98734604783337753808
                  1.32885083031102091411
                 -1.68399686042160157129
                  0.03061938594970926159
                  0.58979932978262872290
                 -0.64769920492238086673
                  1.95284212231476073107
                 -1.17479451796640299577
                  0.30559953732005806781
                  0.43417532270824787943
                  1.07693359247927000766
                  0.20213893757594503242
                  0.71975674772650088951
                  0.37558377135230069932
                 -1.55650733769594196154
                  1.32966156982949224030
                 -0.47883638683635620925
                 -0.46089965232601398659
                 -0.02060021648603184777
                  0.68873338733368771880
                  0.25327771644949065299
                 -1.88917789023565085849
                  0.52258010484165084986
                 -0.36230876866590666641
                 -0.01110577052126840783
                  0.58198769320881560407
                 -0.28918249995232503391
                 -0.78444342561452440332
                  0.36942275038716043678
                 -0.33495169906940430726
                  0.40641057213841647044
                 -0.34794897289500170690
                 -0.86482090617028350987
                  0.61146881392024887703
                  1.97880402691151191519
                  2.47973548649830677348
                 -0.45038838591577345927
                 -0.07222594945250597476
                 -0.13010661120057404050
                 -1.37316922476366776174
                  2.31321545591873656278
                 -2.00368411974917570717
                 -2.21820205210181065070
                  0.59256085179896633708
                 -0.70382100441848538530
                 -0.84407217094446729266
                 -0.93344595151432396829
                 -0.65963639290822717598
                  0.37213012848176812986
                 -2.11000766399596395573
                  1.60375337986124111289
                 -2.36534665759706763666
                  1.01771749848839010433
                  0.38811526006766755570
                  0.33184841484298310821
                 -0.76499737505629861190
                  0.52324486805767178588
                  1.06542942772437321253
                 -0.22781068781708643800
                  0.53548769273275342861
                 -1.23139784054509671130
                  0.56728976863574975820
                 -0.69669000776058520596
                  1.26915004813048515331
                 -1.85688317781326461819
                 -1.11215990175381196359
                  0.14076310308639414237
                 -1.33725382389779490211
                 -1.28303906341980322736
                 -0.66020933792155622744
                 -2.93392581596377821640
                  0.20329487987764541246
                 -0.46782966448115187452
                  1.45976066627786482677
                  1.03579408316173138260
                 -1.36674051111538186198
                 -0.11514054673633940251
                 -5.78787711036918661733
                  2.40912928289536010240
                  0.58725653476977535128
                 -0.45566452181956490497
                 -0.09914426114245683541
                 -0.31332085961058359080
                 -6.38480367048483188341
                  1.31354729835627059842
                 -4.33231289856114987202
                 -0.46161396600348025832
                 -1.03146430080202899937
                 -1.93782842576963942882
                  1.21344107420069979852
                  0.62858506244478595804
                  3.02407553607805734686
                  1.14567550968184250770
                  0.31595524838802524492
                  0.36095015516179307369
                 -1.17477984275250557644
                  0.95647954423470471497
                  0.80538194864070711265
                  0.90363117342081955563
                  0.73287982230811898887
                 -1.25117148194252858495
                  0.25693513886715579897
                  0.34680004888905768823
                  0.33932430385240081039
                  0.31290954470515031094
                 -0.04976358396673814105
                 -2.10485801192121346759
                  0.72621667554025315372
                 -0.30497755307875429320
                  0.36169030136523167007
                 -0.00720691381474131143
                 -1.31876069101489168389
                  0.89475765763228243266
                  0.05386521030841473490
                  1.02968711742984364577
                 -1.09783790429513761211
                  0.33281051547497381149
                  0.96324070406356909757
                  0.87385909290281160722
                  0.21394548115735245730
                 -0.13422452928888270463
                  0.15742280400963784559
                 -0.19856392094801489367
                 -0.40727470192921250147
                  0.42278589005213007557
                 -2.76156357233105076432
                 -0.14513403763945281755
                  0.38945886401146795341
                  0.43506779212425655823
                  3.10405864787371488234
                  1.65490019134468813178
                 -0.07418295893994396317
                  0.61967073145901541142
                 -1.23092655581028398437
                 -0.45672547143870878550
                 -0.16049046295746130508
                  0.67751339236934216004
                 -0.00472160326099092722
                 -0.13982761321218678541
                 -0.27305909015733981215
                  0.46350602622920328288
                 -0.22614473200207860226
                  0.40058985368333765997
                 -0.09470944240951156834
                 -0.07144038486812080702
                  1.05889645493960782296
                 -0.12885732351710954546
                  0.08430010191641583439
                 -0.60799291486644679861
                 -0.67350132249552518982
                  0.62182433406688331079
                 -0.26426667910896839420
                  0.41858963243565144863
                  0.63893865678155425947
                 -0.52676886222536856152
                 -0.16166696006903533145
                 -0.94488030307008197273
                  0.13183416068533762577
                  1.74655779221977036642
                 -0.17561213728800573186
                 -0.17490343217187243052
                 -0.55654641985476238641
                 -0.48305639580117853971
                 -0.08331288877296387507
                  0.80683054921263230863
                  0.65523234711361744154
                 -1.17730679432141793761
                 -0.44199947280009710404
                 -0.91303651541852459683
                 -0.78205491922297321050
                  2.28223421908066903541
                 -1.39931708776101038083
                  0.96193667708872343525
                  0.21284027810717287554
                  0.54792078380970987705
                  0.24514955820034339817
                  0.26752146005058125011
                  0.24365897564602054248
                 -0.27714374578856804110
                  0.28371940240205045791
                 -0.24012462135668158347
                  0.37110915404229261050
                  0.28546002286164323669
                 -0.84333453442082051410
                  0.44594613922741799250
                 -2.88535942746344709064
                 -0.91622043760517402067
                  0.86336324744197234793
                 -2.15069087577747675155
                  4.47392412453354371138
                  0.93110456954753817449
                 -0.91783614408253133554
                  0.58161372201137295779
                  0.55868674878656776617
                 -0.16389110301296344607
                  2.09465785085858868797
                 -2.04203023328671084968
                 -1.09102263553305034449
                  0.09015833616074209189
                 -1.30152411046678384565
                  1.33482043764996038959
                 -1.82286320906008847409
                  1.00765879309740280512
                 -1.02483048375640084515
                 -0.23596923075702505579
                 -1.31745683328810536672
                  0.14717078280854548056
                 -0.30438715887178580122
                 -1.10911168165328155588
                 -0.23345109791309964775
                 -1.18411797449783784408
                 -0.48861537138075461506
                  0.96570100772096945096
                 -0.87667654363700631137
                  0.10732523444673035262
                  2.16006495365498718542
                  1.64567530701662945170
                 -0.36716598305435654837
                  2.15021827133679810373
                 -1.47288574452936482651
                  0.68590855101803482885
                 -1.83591671228033437302
                 -0.16481607206035725488
                  0.77711987094839363177
                  1.22085767371088049771
                  1.99504214279056912851
                 -0.95326922553318316211
                 -0.84236002358412098712
                 -1.35521388720124891236
                 -1.55258473073996938751
                 -0.01525056961780641568
                 -4.63221457698321170682
                  1.22412325305648472806
                  1.75112814411647188528
                  1.13092657392564666097
                  0.40713633996358666867
                  0.52361044357606167932
                 -0.65544727659593149394
                 -0.36709204831354530496
                 -0.48492702839678097915
                  0.35029562724664486950
                  0.94518841445204082596
                  0.54929926812747564835
                  0.46396970667417103407
                  0.13814290608844118080
                  1.74244818421633507199
                  0.18247460167752102556
                 -0.80861892070287422207
                 -0.55131434680201496512
                 -1.30978921970086670257
                  0.07643907791800605422
                 -0.23835263013886201500
                  0.17883752417742065921
                  0.66412975809679120065
                  1.28728657289319547985
                  0.94118124844783002114
                  0.92419138993362426326
                 -0.79677607640471304062
                  0.19991786669890540540
                 -0.02615760736538908296
                 -0.13735359314794665098
                 -1.63519446203734841738
                 -0.91925080985991047822
                 -0.50537515969824975404
                 -0.32721835465029852630
                 -0.84597082869002582228
                  0.08111042663966004651
                 -0.12203441278904315903
                 -0.11510861976177169663
                  0.60889748981933589089
                  0.17793019689501521352
                 -0.25022201811460825782
                 -0.24466391502189080431
                  0.67844103421699730738
                  0.27401927680154697375
                 -1.52906411141862630387
                  3.16821292786983432777
                 -0.88417861394687224941
                  0.07859501344255027944
                  1.35750247337534113434
                  0.66290581786371027828
                  0.42963652325870743676
                 -0.09029799016092668329
                  0.70652883220269047104
                 -0.19960818874693264657
                  1.22434248967728209756
                 -1.24376107236539690248
                 -0.62959404843610256020
                  0.41600275451287138662
                  1.37238220656415643717
                 -0.18313978545686199206
                 -0.50790636993194993032
                  1.88319726722954849940
                  0.76581526999483195972
                 -0.29180860524986212967
                 -0.22938511531550018208
                 -0.24640919297968560953
                 -0.67399586782524001372
                  0.04835305972783052186
                  0.19061870540880571090
                  1.29898993501083759305
                 -1.02803459851196499208
                 -0.98597013398127619777
                 -0.34950871759348306478
                 -0.17255692898551280856
                 -3.95559233325905656997
                 -1.01331144077169099660
                  0.02803901029916094564
                 -0.80438026923658456635
                  2.78474506073742666956
                 -0.11893838050320593158
                 -0.62562074586250426833
                 -1.05588945778310683288
                 -0.55994180577120722386
                  0.75146353984261382575
                 -0.22739260338601807732
                 -2.40457321117089062312
                 -1.18288677610215309244
                  0.57127823428586899102
                 -0.05698076516548104126
                  0.09148549585350426727
                  0.43206206355367743344
                  1.48940652833293873947
                  0.37090550213666229062
                 -0.22105127257550410969
                 -0.94185065398028411376
                  0.17871531382540675748
                  0.35429256356610944190
                 -0.35814174305263224429
                  0.52306711206049238960
                 -2.67286157498662246823
                 -0.64875639862456324636
                 -0.00492686238092735276
                 -0.46748692687916237887
                  1.40728202093131016248
                 -2.89070715006943501635
                 -2.43962729974699543689
                 -0.76998438682508529851
                  0.12493837702086088570
                  1.21720139320110920522
                  4.24636853396735780564
                  1.45922626997604476529
                  0.14296644634990182676
                 -0.31990231159066045974
                  0.58524788332328459006
                  2.72118800100176860823
                 -1.93146254896921676369
                 -0.70667022197408890793
                  0.39247758951034511510
                  1.56956794869669158388
                  2.36551653002967432471
                 -1.23518278106630052804
                  1.64972779928326329646
                  0.90032614827419599202
                  0.20125978239474104359
                 -1.05480325241798578162
                  0.07976754597138829839
                  0.96773646007048053086
                 -0.87447107388604561340
                 -1.94509479499727544471
                 -3.61730053081964531003
                 -0.19802737877720710813
                 -1.44815051300520503119
                 -1.59271016214168437131
                  0.20470441444325146452
                 -1.12608887676527125166
                  1.79967602266488424512
                  0.26978746326902919295
                  1.61099313406962396655
                 -0.46272204328782545746
                 -0.35239579375765262004
                 -1.48929610878141960306
                 -0.81893509560788457780
                 -0.36882575880525658718
                 -0.42096659291297916505
                 -0.51753066673782111007
                  0.98531365357804168159
                 -0.65142504272391077436
                 -0.72650995458295197782
                 -1.34987096523722427399
                  0.30752394199483312764
                 -0.45196424667079793114
                 -1.37832069439780191544
                 -1.06535532549612366182
                 -0.19708775082331533857
                  0.85872502906528913602
                  0.15327652300375088634
                 -0.56404128243392437358
                 -2.77227528432627501331
                  0.04580939608662325940
                  0.97144317945001246173
                  1.06188732193137580495
                  1.57082984539683767622
                 -2.24900218508720683985
                 -0.71379099308737503637
                  0.43295028870787344299
                 -0.71912608356496654505
                 -1.62641618811464749861
                  1.59673096734964881094
                 -0.26871275403825406469
                  0.82957560059336377112
                 -0.07550228529903750541
                 -3.53766203371464227345
                 -1.27152727085230221604
                 -1.25608813721242507100
                  3.56495058340064163716
                  0.59636121535432662366
                 -0.59360735391463037569
                 -1.65616713076031230045
                 -0.07514135244558112214
                 -0.72874812825147206041
                 -3.09661061072269117034
                 -0.87853676453929030465
                 -0.28384031968465206486
                  0.93545650515546607817
                  1.47366615074495377335
                 -0.58395666054174721893
                  0.35597700756333233718
                 -3.76624125905866069530
                  2.45480623949990439669
                 -1.64397941973034944496
                  0.04740303027767692884
                 -0.28764922119574548587
                  0.92902325700584398316
                 -0.32989785662549064860
                 -0.74429675425539087996
                  0.45271208674143553763
                 -1.54383922926348904348
                 -1.02820064125837173918
                  1.77847493255898037035
                  2.38519523278114586873
                  1.01699729856002685224
                 -0.79933630615699002853
                 -0.39581618927413264597
                 -0.33140655004932584315
                  0.66948654849776578768
                  1.80785950279491047787
                 -0.04909839859959540254
                  1.74789766642751853709
                  0.70082351822018384979
                 -0.69659024605765074156
                  3.06744244819414912939
                  0.83681225949286874854
                 -0.38405663907411652369
                 -0.06906497355372094582
                  0.21178990486785517766
                  0.08568129639692792510
                  0.20257750398561893967
                  0.73446302379025840690
                  0.30088559565313782729
                  1.14370871741364288354
                 -0.92576414499792814006
                 -0.94146457419434015357
                  0.21545464461672594880
                 -0.14497750960403796294
                 -0.63721055730795328476
                  0.77342406441545108464
                 -0.24353377676851145628
                  0.27372562723779114702
                 -0.33762207550207168349
                  0.15634489300568374381
                  0.20684249785495661955
                  1.58887599639948562391
                  0.39190374049541548684
                 -0.52257170316681733624
                  0.39681883433470693801
                 -1.00567691261733949126
                 -2.53383550258156065027
                 -0.67392595448895586951
                 -0.19261566007029501391
                  0.22884985848503805461
                 -1.04828389237897012798
                 -0.99566048858337241612
                 -1.31599179331076676647
                 -0.21481036934863320664
                  0.23254346952632920509
                 -0.09820466096209470863
                  0.23058022485663942636
                 -0.26289099311897978772
                 -0.21196372139074806662
                 -0.09837568138706469234
                  0.56127071196155819965
                  0.49493900476352181705
                 -2.93772648661574420359
                  0.33309487317326530453
                  0.68013186065792863300
                 -0.69244060556988573651
                 -0.17987406591306101533
                  2.60183161635758875008
                 -0.47408412546290795708
                  1.44943011039506863824
                  0.99989556440392524106
                 -2.18765345851857917481
                 -2.82704741470008835691
                  0.07679602833161362774
                 -1.35266034815537961045
                  1.23999028582490411488
                  0.29955367522469367181
                 -3.41061099056510519389
                 -2.25347270327999105177
                 -1.07550961645103115849
                 -0.53562465584095664273
                 -0.08045562012319407152
                  2.56349628642711291349
                  0.55420015765516894568
                  3.59101153638235759402
                 -0.90603922425773042448
                  0.19390763361944884924
                 -1.24453560956927744563
                 -1.65068604334414614776
                  0.38433152507913592721
                  0.29102254356172319039
                  1.30444565424334713022
                 -1.23557507211928419011
                 -0.41494168088035832120
                 -1.56804810968678909333
                 -0.61268084656726728987
                 -0.55882516676626414753
                 -0.25398582780581041574
                  1.11565191110642869532
                  2.33070626137830538838
                  0.33760589505850796543
                  0.27849950896115921450
                 -0.31108911325077154286
                  0.37690611767858361869
                  0.59685119086577387293
                  0.01709914922376384178
                 -2.34936755602462588044
                  0.02237807994346805232
                 -0.70674298627501808134
                  0.91627639285809181491
                  0.42215126688618820339
                  0.20289817201008519820
                 -1.38306507350173424342
                  0.15122002620300170617
                  1.18435611085759129324
                  0.15665116359946493207
                 -0.26871110725341185166
                 -0.74804915372771141335
                 -0.21326284216979118913
                  0.81618271914621853824
                 -0.12021135000958625694
                  0.85753133345156573597
                  0.58596427830406316861
                 -0.45371803373359659295
                 -1.64002294318897590131
                 -0.92692412084893149871
                  0.17719446162039431680
                  1.75528475317198462413
                  1.18170432949539283563
                 -0.45882803638557906334
                 -0.59305374592880588658
                 -1.20320015680632930177
                  0.06443732048776376620
                 -0.05444922306055244993
                  0.56453580138862569093
                 -0.95453264753741806636
                 -0.13416217541075803332
                 -0.76057962630806019710
                 -0.65078573447612619862
                  1.81689480009479686906
                 -1.43495507568818947419
                  1.38187369617540034561
                  0.74789973255144048814
                  0.58277063349270497028
                  0.16040899358918542239
                  0.29539747954903317062
                  0.27805154565173589853
                 -0.55853678760551805915
                  0.52379869635707654307
                  0.42451532646896050771
                  0.21177134362328822736
                  0.29257561866806713891
                 -5.45893894715817307173
                  7.52619443526301878933
                  7.60369034567409496361
                 -2.20840654044104489628
                 -5.04948901459149013249
                 -7.38620628005339607824
                  5.07906672053614993700
                 -7.46753266125281012222
                  5.16184489364778364973
                 -3.60562745878503365660
                 -1.58107777661732162855
                 -3.42968618027885296939
                 -6.80023532928711116341
                 -4.70746985243778670593
                  5.25382907519168362853
                  4.32711031708775983873
                  4.31161116705436864294
                  8.99735721959930678793
                  2.46824587018553431861
                  3.44419467301956316874
                  5.69078977445008593605
                  0.95138049953957903870
                  0.57220139425253913057
                  4.87958401866542690328
                  2.83484007456103981326
                  1.80754994618570363762
                 -6.33966738816567065840
                -10.12000363029459393260
                  4.54608046851363134522
                 -5.60374235017852928564
