17	2	1
30	30	
1	1501
  0.1077094010414058	  0.5610268352377711	  0.7422087948957858	  0.1121051041848040	  0.3976636679545142	  0.1648819783427988	  0.4916471804447238	  0.3857860661718805	  0.2831691918325385	  0.3882037521453389	  0.1522204504167269	  0.4421453760614367	  0.5704759714414167	  0.1462518019286109	  0.3384258814417380	  0.5668418200216722	  0.1584326842939605	11632.3699999999989814
  0.6789184626158516	  0.5955059083678159	  0.7633837078458903	  0.7066256503039596	  0.4176760778102310	  0.1651789321074263	  0.5039375639721618	  0.3861720304158157	  0.2832812579121544	  0.3885899102804898	  0.4918159738972637	  0.4639837035027000	  0.5841456158442282	  0.4725315939533699	  0.3390202846896788	  0.5670660648008848	  0.5118873640517797	8358.9099999999998545
                 -0.19727868097147846504
                  0.32504426944555647738
                 -0.05624533998921191214
                 -0.13792913477455245874
                  0.23917080668200821347
                  0.50780052127081942714
                  0.10827225823717828712
                 -0.76110972841728918858
                 -2.62578441232755999124
                 -0.07114621484503522164
                 -0.09405225843850928413
                  0.20732488998819703641
                  0.13601106763693110446
                  0.18688711565187179908
                 -0.28341731491084876104
                  1.80889027256459145043
                  0.03333105914791040930
                  1.08618070003707090088
                 -0.56258525882554932807
                 -0.76366190883578943804
                  0.72916652338500276276
                  1.51189510251224712434
                 -2.32427087901821005644
                 -1.73828095343684863039
                  1.37374615814675160586
                  0.65618518234216882679
                 -1.51874923541280026917
                 -0.88041994631829845197
                 -0.18535312305763654295
                 -1.68274538966748865576
                 -0.25176428962453784033
                  1.59689976086131335542
                  1.03078072943570320241
                  0.34258839034275923030
                 -0.08921504819433467848
                  1.57453995497306276086
                 -0.50735519155190245133
                 -0.30714863669102138166
                  0.06025591553261410577
                 -1.30343629522309134572
                 -0.42576791771215094506
                  0.25574757373663586923
                 -0.19434919725183608108
                 -0.69674108153888281159
                  0.16641553975073231086
                 -0.29375474497243853067
                  0.69201952672330491190
                 -0.09246777957277350912
                 -0.21485240743214131798
                  0.65076864486145291622
                  0.34040579535662091049
                  0.47070256208855243418
                 -0.52860782473357037503
                  0.39925111405590674174
                  0.05624271969139105903
                  0.56406057402383358301
                 -1.15042301286192794052
                 -0.29979245912516661043
                  1.98970753260412913654
                 -0.85213300058195329267
                 -2.32032168499313140586
                 -0.40697426562953531448
                 -0.44088001301536916543
                  0.55217252798529348201
                 -0.19024402992315683769
                  0.96247986892647341417
                  0.74163205022862910276
                  0.14689465099641108026
                  0.63940026060770605021
                 -0.84608899029800155311
                  1.89239925724500213100
                 -0.10003661995663855333
                 -0.06687326873070871536
                 -1.14699575799222075467
                 -0.61474965439217554852
                  1.01039397750750659100
                 -0.67702911798868303794
                 -1.36902821010091146903
                 -0.15025274778123756669
                  0.17146366426143908046
                  0.44894107046493758606
                 -0.75474771781230332035
                  0.76222039336102676010
                  0.66609254919989324684
                  0.10159826867613980239
                 -0.38280177009770910423
                  1.06751845040870474435
                 -2.00680996346570506006
                 -0.12343269517334412577
                 -0.31804373479698622162
                  0.07753043125348099696
                  0.48528109775842093176
                  0.34087109404631960041
                 -0.20892288580529233544
                 -1.75086517217994375173
                  0.20899643298350534248
                  0.27218234884700986953
                  0.27846882512153375844
                  0.50748632788343595035
                  0.62428780407419426357
                  0.65410602463855704869
                 -0.07294295655362960373
                 -0.14888417488838306957
                 -0.97622884677834931288
                 -0.65195379575808098949
                 -0.07549461728851178388
                  0.33269413142204223854
                  0.82069378687636895808
                  0.10073389179130622095
                  1.12292342719767956893
                 -0.53592475170966902276
                 -0.84374423605440829199
                 -0.26046361676616475167
                  0.14982643382348259653
                  0.79805498655389806029
                  0.20705739104124046279
                 -1.40515853827761949546
                 -0.24050268685245024258
                 -0.01126584100884008531
                 -0.18046172157689874260
                  0.24423455932790680278
                 -1.84764007439112853959
                 -0.19071147289581466544
                  0.15538796729114254247
                  0.67743369034596723210
                 -0.05082894790794435097
                 -0.40564314963713915541
                  1.01785085855375601049
                 -0.12163733827376245478
                  0.10475900700679545430
                  0.04097388160754367875
                  0.29059875034577925534
                  0.13059802231885617174
                 -0.38985507548818687518
                 -1.34989078110012972189
                  0.03718653089232769327
                 -0.13048676733449479648
                 -0.01646173037806560394
                  0.15592549816156150988
                  0.03787372781824752122
                 -0.26311626563777468224
                  0.67997429941798259723
                 -0.56010456635170857709
                 -0.08215470782652121995
                 -0.53774702538160246146
                  1.04181995403277172230
                  0.14372695222260242764
                 -0.27542737539596856555
                 -0.36281502101952256556
                  0.01764641328638561629
                 -0.70881014207780534964
                  0.64766116854076227760
                 -0.10547796642716668336
                 -0.05829538997050643517
                  0.06239784443894988430
                  0.44692347263638521060
                  0.02654123293128034938
                 -0.79031011509794202308
                  0.07074353701428678920
                  0.25108409569119771731
                 -0.56054029661792736938
                  0.08428847075147077872
                  0.98700988437312453527
                  0.14566516136384224933
                 -0.17002863576656510047
                 -0.30360841424687889933
                 -0.14595172615876605970
                  0.41223356832993485188
                  0.07360856224967900208
                 -0.00727443528187381519
                 -0.23623252419472989816
                 -0.77854366212473236075
                  0.97327929304765525842
                 -0.49917124221269143503
                  0.95143085744302979823
                 -0.71726169855326593616
                 -0.73288276949648512026
                  0.07939329225044908234
                  0.70925044841508666504
                 -0.57019377368526813488
                  0.53347025386887225729
                  0.06379499157246355800
                 -0.08724113927282231562
                 -0.33134991256235668544
                  0.51130983663626916602
                 -0.66472192528911344667
                  0.11586190170887393502
                  0.29175708884997675341
                  0.35484661481934920424
                  0.94751633533357204620
                 -0.13456524238508607572
                 -0.36275057733118154513
                 -0.07141835832467788303
                  0.08994788273348350294
                  0.34394786120071590974
                 -0.78547190699030267069
                 -0.79467370456436647874
                 -0.00916444415649294436
                 -0.15361038253056036318
                 -0.37186343051241183000
                 -0.26957764863375999198
                  0.46222151726203919431
                  1.47289370666403129917
                  0.02494587441480085668
                 -0.11715704289564819740
                 -1.07001700370462216050
                  0.18253011179912234652
                  0.07336991647870472200
                  0.47291252960148716378
                  1.89287202761802664241
                 -0.10248808744988170683
                 -1.39479757959480021867
                  0.73876732511385689861
                  1.25312318300588576570
                 -0.02077703571788979894
                  0.39548984582980784008
                 -0.40853931863752596110
                  0.12518097545863762776
                 -1.45812750458741913206
                 -0.15797507377036124065
                 -0.29462752081107068669
                  0.12861998939926419516
                  0.34034490726284161166
                  0.89029095934199109497
                 -0.10858179779907524420
                 -0.49082687736589403205
                 -2.05658246385620291363
                  0.10900888712844325479
                  1.27579403217809361770
                 -0.17591628634826761424
                 -1.53072338609434188683
                  0.05719506973898406260
                 -0.17285959372816378510
                 -0.10380761729711451835
                 -0.12798320196908183344
                  2.29623856876060461474
                  0.28697437654217239356
                  0.09131955916140249707
                  0.05099765128553990223
                 -0.08967732543104003917
                 -0.20626379505928191249
                  0.12729717408794510858
                 -0.23132915362888933908
                 -0.99259241220158744845
                  0.28089666234225985075
                  0.28773374889239783370
                  1.26099674650193449565
                 -0.27155455105725295750
                  0.05556034821617476110
                  0.08953073348228958450
                 -0.32502764250800375567
                 -0.12125620607129178330
                  1.12344600168482022795
                 -0.54548437613285172265
                 -0.10382011462368427590
                  0.08627268511750928182
                  0.23417628536573950604
                 -0.41921511877516715039
                 -0.17211852784986092502
                  0.13401708927471978061
                  1.14040606797222809909
                  0.90821517995845701954
                 -2.93320649290516399788
                  0.18195831282168975496
                  2.23810598596406906680
                 -0.04751108283552589462
                 -0.58882282802004026756
                  0.65084764778894654835
                 -0.08354959528671601632
                 -1.39250310562050549912
                 -0.53885324284519386939
                  0.22549515103744346978
                  0.09383087183952637522
                  0.13616563949673834988
                  0.09462631639026738983
                 -0.15102554484621860675
                  0.01365053830922706435
                 -0.51521933724686297396
                 -0.09781955612409548584
                  0.01975216429069048124
                  0.09323384839672184399
                 -0.91991838959901295336
                 -0.12401384316607465264
                 -0.87917442494808950570
                  0.24352525611149977713
                 -0.11976193648476403386
                  1.28824921543553450043
                  0.24735270765498659773
                  0.18709643101458189873
                 -0.11227574433623425942
                 -0.16089581301943439717
                 -0.33176647729204733483
                  0.07939094107680329249
                  0.13668704477351792392
                  0.11290441545831113312
                  0.50548632008826777096
                 -0.28563176149548202831
                 -0.46400143642631258567
                 -0.24619364126503925916
                  0.01409581765973424473
                  0.68583607246928202095
                  0.03869203476755780219
                  0.18261240349461996257
                 -0.24946803186071936365
                  0.31083399761085211965
                 -0.05784809997122115910
                  0.26698716444761699806
                  0.37340146659395945239
                  0.30400286061509079749
                 -0.18235553733332546256
                 -0.54965257711834802912
                  0.52508796415456138185
                 -0.00280176793815260132
                  0.22308258817355397507
                 -0.91630611213330537268
                 -0.69005614247012869722
                  0.25628663513549004849
                 -0.53497948820337171139
                  0.22043206219230751519
                 -0.32320321123354300852
                  0.16669761213337816463
                  1.77564786325099954745
                 -0.08482067744154461741
                  0.09565370340479253941
                 -0.13999047035976933118
                 -0.31645037777779772004
                  0.11204706978756562297
                  0.05238969069225325736
                 -0.70112004598737254213
                  0.25714696916945256611
                 -0.42670734760723605383
                  1.09475283887362118129
                 -0.08973632649371289516
                 -0.04386516375718137184
                 -0.28119925690607405766
                  0.23469458177046961800
                 -0.05958455320909351871
                  1.54599202428537996212
                 -1.19928947825805187755
                 -0.04587748129908268691
                  0.11761687583816719804
                 -0.17945979914768270258
                 -0.89503017930877182273
                  0.33029900400974343544
                  0.23730657070024926969
                  0.48332693328033654590
                  0.21402810198689836696
                  0.29321620337549608726
                  0.92479373431261380212
                 -0.62607165724788149674
                 -0.20009927768616120325
                  0.22535110954491466284
                 -0.31200833985352188771
                  0.00333306462228239809
                  0.19834481787825350430
                 -0.69913259433412477950
                 -0.16602934893989015896
                  0.44078406953331833451
                  0.82622159889175339487
                  0.63947508562710375646
                 -0.00822347153451527708
                  0.44317934863263203082
                 -3.00408414227628872695
                 -0.37386075078023517371
                 -1.62712085971816700081
                  0.26822979798939688978
                  2.33586697095556106163
                 -0.28525480367654876268
                  0.84979431583175724096
                 -0.07210641528492334196
                 -0.27441994831582966485
                  0.77716366887806820341
                 -0.55600829195506917824
                  0.11814575243324969278
                  0.22185887978398469156
                 -0.39666733036511980792
                  0.20729158396957084176
                 -0.26423597167034973410
                  0.27986498342501497927
                  0.35481257645216102148
                  0.55205582221339832838
                 -1.43749494613393258291
                  0.49031510823439372615
                 -0.05581808975268860024
                 -0.27896368694982159875
                 -0.10849162484767865822
                 -0.06916956472803845180
                 -0.11310851679251850144
                  1.11716501665691669842
                 -0.55870515247258911717
                  0.32515478146242654534
                  0.11265807566669032436
                 -1.12335321898688667019
                 -0.61758129458139110479
                  0.55117850377533395001
                  3.66840664153588136287
                  1.52380237472174639990
                 -2.42947801470088720066
                 -0.83264695438947122774
                  0.73023915898182578665
                 -0.47507224215764554121
                 -0.99892450157842838099
                  0.66659362318389492330
                 -0.64996033067788216986
                  0.58668342686655539087
                 -2.96475082236274101177
                  1.18218145558437126574
                  0.07966682793838338050
                  0.41399598331333758994
                  0.31158994864074252007
                  0.04996091240754692298
                  0.06143991291880498973
                  0.66209162881008265522
                  1.42640695308490395021
                 -0.07198513040405968288
                 -1.02698027308168504668
                  1.10385050836263154395
                  0.87871375047051014651
                 -0.35726076983378213248
                  0.66228394750486385689
                 -0.13573328519545432846
                 -0.19916151899758438582
                 -2.77500123906516327210
                 -1.14864138252264180728
                  0.05319781336637489921
                 -0.03135625576696435268
                  0.35034140674804259419
                  0.61364727037889832406
                  0.07584113365577474508
                 -0.30144425597192292532
                 -1.29800657596869783994
                 -0.33788276762771107808
                  1.54326147578927996840
                 -0.87775596086758189696
                 -0.05430626888768520788
                  0.08418667293918376260
                 -0.07480305637215424464
                 -0.43266118637005174241
                 -0.02289232236902780451
                  0.67242297380823090602
                  1.01937095169362179625
                 -0.01508272445813827432
                  0.15692495680386361889
                 -0.45788695581615551644
                  0.70826787847436778467
                 -0.36611268885190134670
                  1.53299448157131945614
                 -0.33150167072605152274
                 -1.28756770740961279387
                  0.65323288510913268823
                  0.28416030890572596679
                 -0.21249981424304364985
                 -0.02689300507470795618
                  0.39664374689545484065
                 -0.41757917950052569900
                 -0.11612333728601995086
                 -0.92965766416663286886
                 -0.57607615785475607684
                  0.21489639512860275739
                 -0.44118588594330493402
                 -0.35539849173580312369
                  1.29498811049411743923
                 -0.15708373871853589798
                  0.88429928913463495821
                  1.53536784378702906295
                 -0.64011190969491127412
                 -1.14193798623061337771
                 -1.84522666087818199010
                  0.80820757029790435411
                 -0.49654615640306881685
                  0.01791687655130845200
                 -0.24422241660478574699
                  0.48512664481666756267
                 -1.29003955646823831316
                  1.02630347653795905849
                  0.43654003625112758336
                  0.73302760320017190665
                  2.87553923696158753032
                 -0.73817308873412446069
                 -0.85651079268956509249
                 -0.90524132345867802663
                  0.64760962797239451927
                 -0.40868266595341978809
                  1.70872934956542499307
                 -0.25053617424324770013
                 -5.92116166845680158559
                  0.75279695435500892930
                  1.15304379863027084419
                  0.30101277505497070486
                 -1.22725837729263398401
                  0.59334998093236268613
                  1.29819523100490030743
                 -0.18969791058875135059
                  0.48475103710332295703
                 -0.12266237500255465498
                  1.41359111578413720878
                 -0.05764035625128802187
                  0.30452821627110604474
                  1.11416734005656992146
                 -0.06483890923246529714
                 -0.89077197791164663965
                 -0.26001905741747077805
                 -1.03149434883099200277
                 -0.29122326672510762124
                  0.39306025123438387281
                  0.10072025600018681690
                 -0.38355935745812769211
                 -1.77587083310830839977
                  0.96798646268506860491
                  0.16367252354673567094
                 -1.34022604102597964193
                  1.11809695877415871124
                  0.17168510950843174356
                  0.56873924979908219157
                 -0.55752479502863905303
                  0.22683747495848541331
                 -0.78489150683147002052
                 -0.12651214665682447569
                  0.79399899948836105690
                  0.74409512503592178945
                 -0.00332962754725156605
                 -0.16430965870953784247
                  0.63695549701109921426
                  0.17070021021246672976
                 -0.37586225981170984234
                  0.43842384398110040289
                 -0.73509286252352079583
                 -0.24605404011792109120
                  0.17711490141247385188
                  0.65052875819555555648
                  0.49754672004484079562
                  0.40278455911588195715
                 -0.10382325393143101988
                  0.10289166912744351912
                 -0.40603098207218257798
                 -0.15457715839578162198
                  0.01742064684834492352
                 -0.26133860309724538107
                 -0.59940196102798803945
                 -0.15655513875504040167
                  2.08558919593836833428
                  0.96131706748872403079
                  0.84190119333310775573
                 -0.49431487779915006531
                 -1.07408678834926796242
                 -1.63314461500724883436
                 -0.56570951298658167516
                  0.16519280495681676335
                  0.70649927140667367897
                 -0.56625585303072512033
                  0.05739902128832477524
                  0.85286185318924567778
                  1.31984209103337502000
                 -1.36118056021777156239
                  2.53256388345189353828
                  0.34940065522398072728
                 -0.38417191960047342159
                  0.73821880783134752324
                 -0.83005270736044534097
                 -0.40396079492406422595
                 -0.48592578407297237764
                  0.45573459116310394146
                  0.24115782357754383947
                  0.34489841809976817810
                  0.36650590569156421550
                 -1.20547353547510538441
                  0.44926699539453707199
                 -0.41880464915142601168
                 -0.43101246219174826901
                  0.16443279276739980466
                 -0.68056065223642470130
                 -0.62520628272939637871
                  0.26132753885218473755
                 -0.17910810087698725290
                  1.40059814481455546797
                  1.69368823747784125189
                  0.54190583550376647537
                  0.47991633935191752025
                 -0.51161898719557674653
                  0.72162618145041435014
                 -0.77098178746200796141
                  0.00888654661996696009
                 -0.30716898564512612468
                  1.42587260507221902373
                 -1.36674184496744999251
                  0.02229689830876726078
                  0.78635026897154880476
                 -1.19636149515685330513
                  0.03184568322422533931
                  0.13879987870583004872
                  0.81167195435289685168
                 -1.30510318051374274440
                 -1.17271537966619021631
                 -0.30670410614194265619
                 -0.14189107614679927205
                  1.71189480484338485411
                 -0.05872527893379175801
                  0.19093619411439560762
                  0.50528962722961745513
                 -0.24451544554100992923
                  0.47923255327196562225
                 -0.26800181893272412292
                 -0.09736517470989791700
                 -0.36386472257527668894
                 -0.65177433952187624477
                 -0.09899031138675636055
                  0.10294703988015196927
                 -0.84198175250695261873
                 -0.04548896971299793562
                 -0.28385990374791125745
                  0.21859599491872550026
                 -0.18388928672955642818
                  0.51292086209692677734
                 -0.34516049784756602792
                 -0.00405537727441222882
                  0.35047928870147609937
                  0.15703649493903618084
                  0.32921112126723067748
                  0.02228783883098660670
                  1.04675756102994554908
                 -0.20733679301883400914
                  0.43912826711096758503
                 -0.55251775407408698637
                  0.20027428476896860787
                  0.39356868444180587163
                  0.33971078186119590958
                 -0.05709725698621898049
                  0.23053138872520900771
                  0.15925738400651034965
                 -0.54242006237689255332
                  0.16484148571980244968
                  0.10850352432085091925
                 -0.43402600461833013012
                  0.27624139673029252107
                  0.01742050039983091339
                  0.29090726636443392517
                 -0.78890138571311729798
                 -0.00437743348240902247
                  0.68994118968442397222
                  0.37907642237196748081
                 -0.28691855182950576353
                  1.39791196382319382607
                  0.08091468771081901379
                 -1.14608546451563286794
                 -0.24253615502409678339
                 -0.22126274768070300358
                 -0.76293412090753975896
                 -0.33742551977296486587
                 -0.87807147207218327889
                  1.60556089031931570332
                 -0.58414991408646010917
                 -0.42841047472765741988
                  0.49995084305318193696
                 -0.09106089166085817865
                  0.10125157625356558111
                 -0.01910586302174321557
                 -0.08140892380224123981
                 -0.41516294046075391533
                 -0.07471381543849461848
                 -0.22210744808328614086
                 -1.11527588579683012426
                 -0.49545054323855147738
                 -0.27952030730604199293
                  0.20666146727662587645
                 -0.26682749887170015279
                  0.46761095878481312438
                  1.39509259780092964576
                  0.53491510595841773590
                  0.49679543808206283462
                  0.83371451524452488968
                  0.12165108589225599733
                 -0.35398657480629880379
                 -0.53096926338502192788
                  0.74384947348957453084
                 -0.72998506179705824337
                 -0.06850869526867954529
                 -0.44187156668311583507
                 -0.81562682871563152442
                  0.04196958198714063198
                 -1.48357669725233942692
                  0.64663985938185630786
                 -0.32256890301421226042
                  0.55090085810714184422
                 -0.10084309410568720322
                 -0.26229370767647630647
                 -0.72943887034591592400
                  0.01885218300147525200
                 -0.11739111976005660309
                  0.10750045916660332102
                  0.21350561878414398009
                  1.53307790756690165423
                  0.54057774399217561889
                  0.88950118177974646372
                 -0.85336045339362942563
                 -0.77116359612593743389
                 -0.35842513642923601314
                 -0.72572016640163350409
                 -0.58618789463306653076
                  0.48356594728394441951
                  1.56805769671415640154
                 -1.12455596856151385232
                 -0.90022140462044375475
                  1.29495201212384292155
                  3.01762201425640608221
                 -0.63847120101460730357
                  0.15829759428483927697
                  0.33437643783500886618
                 -0.13580899540435492634
                  0.27590404024050119158
                 -0.78713976884197089934
                  0.25015618927441818364
                  0.38793047990176166007
                 -0.70362879204152051216
                  0.15744078872371128353
                 -0.22311913435303112885
                 -1.09545906160023420739
                  0.86696406177955653849
                 -0.43732413395064928530
                 -1.04826018110875196498
                  0.69855474806535677867
                 -1.27419546422187623946
                 -0.12439506921058528233
                  0.66976265993513939279
                  0.89284313386609326368
                 -0.12233981318033487762
                 -0.69078847973645751690
                 -2.35399877068165475080
                  0.83173571859982087240
                 -1.92542010378339889520
                  0.70009508145733423401
                  1.21623334754577272498
                  0.00848506718189575432
                  0.72305259583435199655
                 -1.87378245108369978489
                 -0.53454966664133285459
                 -0.96330151645096706581
                  0.57133506499371644605
                  1.60031445632417068659
                 -0.14586771872720993848
                  1.64016905469410612106
                 -1.83652967511213982554
                  1.22834921155473875132
                 -0.75570730414615339132
                  0.23145138947506493921
                 -0.17195648810627586767
                 -0.58203511848683442409
                 -0.11617006307196141301
                  0.67988033840517048123
                  0.00820516593322764484
                  0.08220847724679540558
                  1.45147495757229849644
                 -0.36016044031817445736
                 -1.08397653140211835954
                  0.83048439521499739513
                  0.92749004259960998731
                 -0.14653048518671848988
                  1.32321233932364923369
                 -1.06971394968015109939
                  0.20477331360805237082
                  0.55512594681614046976
                 -0.24681501418112261614
                  0.35468294906225622531
                 -1.11396090514603574029
                  0.73232796355905793728
                 -0.28359883823772275013
                  0.11452781471190666418
                 -1.21128358772222766149
                 -1.25765932096913490845
                 -0.33957508153378229698
                 -0.55169299661570392335
                  0.54395177558529306250
                  0.32238939825236262449
                  0.67495536457112803586
                 -0.36273092757225300353
                 -0.21957128408975795653
                 -0.96293875019822872119
                 -0.22365099526913040373
                  0.18323090252992793592
                  0.21155586448478894135
                 -1.22896151759969796124
                  0.84307698099668981762
                  0.97584655299056122235
                  0.24748863781271140949
                  0.83735537065582910099
                  0.00882098260048937675
                 -0.32032663049061071980
                 -1.09168599280053779665
                 -0.81906136000562246302
                  1.60994219273079175458
                  0.60866143112479020871
                 -0.62620315629363720866
                  1.05975986178305836560
                 -0.18400030110513646009
                 -0.09147949419603339238
                  0.45979369244573431441
                 -0.41751383119794044374
                 -0.14862725422643055517
                  0.81622670992692913927
                 -0.47516060133597681769
                 -0.28758030121729238893
                  0.00637413273049014170
                  0.43733465178719960198
                  1.14463897548629112144
                 -0.61465210566845329687
                  0.55844189929791510085
                 -0.41945129111002371625
                 -0.25230067463178346143
                 -0.40294823166110754764
                 -0.10832577004528434750
                  0.64954659969983252754
                 -0.41872123895966395501
                  3.28123203934732732279
                 -0.12487759320974795019
                 -2.33116615154174278146
                 -0.73063438785965773015
                 -2.60170439123483232535
                 -0.18141403152715457336
                  0.18885700512925868155
                  0.25185471727902986050
                 -0.50663948862879126800
                 -0.58595413482498193147
                  0.19517621105079444033
                 -1.17546098351879590993
                  1.90434602228027638482
                 -1.53331159745387779481
                  1.57428229050020207502
                 -0.87754359013580285342
                 -0.80923867216188505314
                  0.02316892262791728913
                  0.22255836984061366790
                  0.38012287809616163159
                  0.75806662810861202839
                 -0.57316531554619620792
                 -0.11217804149609150732
                 -1.48156576410964024859
                 -3.33248988557698666568
                 -0.23577054620361911907
                 -0.92802434911120612604
                 -0.12420487981753666751
                  1.49840181561891316875
                 -1.55635229794429252870
                 -0.11536766694265161715
                 -0.00490482160288509619
                  0.27229400569399325738
                  1.44876686706779800318
                 -0.07070742101955952708
                  1.00964427503585119084
                  1.33713628621268498797
                 -1.53024568079857092862
                 -0.01027717860098116207
                 -0.21081955901559082389
                  0.64093785387819912636
                  0.14026604251549759650
                 -0.31670138400628594644
                  0.00320579748997199898
                 -0.08821292448532193353
                 -0.75382646803884523212
                 -1.58599504110073441510
                 -0.55237574944355904982
                  0.20794208049071888356
                 -0.12924603621385838403
                 -0.26429383870873718321
                  0.43316955322206407430
                 -0.05177752876947040034
                 -0.48506670892745162860
                 -0.27023639371693136679
                 -0.19587002569226863447
                 -0.30413349935459177420
                 -0.13642602428370098622
                 -0.72263503657913186196
                 -0.28068909994123958374
                 -0.88119081111905916970
                  0.19938621386790733592
                 -0.64481590400014721087
                  0.70632332278319642782
                  0.08018445877552729528
                 -0.78680977459022050091
                  0.43185064364405195692
                 -0.57949135567427267901
                  0.39701949884993881223
                 -0.15390763896815426448
                  0.42980799617618958841
                  0.74678934681777886517
                  0.82569474662798691966
                 -0.68357496796163941255
                  0.19731051558112505662
                  0.11090657442547288691
                  0.03770871169675556189
                  0.01154493430693967655
                  0.26253006356980224112
                  0.60799542176611209854
                 -0.68091619377200718333
                 -1.19674078988727328188
                  0.06149896356917865237
                 -0.50624426893340757072
                 -0.10231541906312835444
                 -0.27997061876037815376
                  0.21370978450330552212
                  0.69023553051670305525
                  0.41363172908058187804
                  0.27251723032047170392
                  1.31934513914701478932
                  0.38204427648818312102
                  0.64366872807104080767
                 -0.70711147860498857476
                 -0.33088820706170007924
                 -0.25018446919314268895
                  0.14935069025081471050
                  1.72550559351462440283
                  0.48908487201341399597
                  0.25273427992277242016
                 -0.25183998401465945705
                 -1.25601635936431921259
                 -0.70855892924408725442
                  1.63020593728813500967
                  0.52825200167282471142
                  0.28330279882260778201
                 -0.05678703795570522184
                 -0.05959668402494130296
                 -0.49866163874916530352
                 -0.04818963559374368072
                  0.66221002331370282246
                  0.81552849607687760702
                  0.04634520750038449016
                  0.44534557190546525396
                 -0.27834532163257230675
                 -0.23068387087525521473
                 -0.03703255967118990188
                  0.28485874581034620334
                  0.07264578177945917037
                  1.96494853896697896367
                 -0.28619036185117663340
                  1.26821815663030035282
                  0.01957067702995432187
                  0.17285047831376174066
                 -0.51289339709550241242
                  1.17139813575344930996
                 -3.16084909508179512372
                 -1.15847196799659957200
                  0.03827533108359575109
                 -0.52118530954019681722
                 -0.88597808901521113434
                  0.44683903877258063231
                  1.31314199253177377180
                  0.25077627013311992732
                 -0.38232821644571063358
                 -0.64514470683941649298
                 -0.78441518633925988446
                  0.75044156411232565418
                 -1.27587757962271419743
                 -0.20684299280541554311
                 -0.74642423634724386350
                 -0.07654884685134061284
                 -0.08289877541842917419
                 -0.21979959675403010211
                 -0.58909416035335449013
                  0.07066433831691534828
                  0.46931153576764095270
                  0.06234969913195478192
                 -0.04393239032262679505
                  0.91819934090167687479
                  0.78709253301545034631
                 -0.14972538210880093068
                  0.70907815403388452236
                 -0.75540492757460941942
                  0.37254144945363926178
                 -2.20651431741369430384
                 -2.35720731799184646249
                  1.50508289647831805524
                  0.94325871796706017847
                  0.28551679064081436632
                 -1.16806481484809543403
                 -1.16602387507514881904
                  1.86502240679490549624
                 -1.25114663830722450122
                 -0.01674405009933779484
                  0.20680517271275286606
                  1.07996629746862216059
                  0.84589260694614931690
                 -1.32760734791903689533
                  1.41559598798916197460
                 -0.86429011605724337386
                 -0.16679329170067516697
                 -0.12147353451650261258
                  0.27967032875015501725
                 -0.08261533554475682106
                  0.93024026507394985686
                 -0.31259585977757287090
                 -0.50150511427492427963
                 -0.25929718533460710539
                  0.80048829078734951015
                  0.06053574263859991256
                  0.27826256502138130289
                 -0.07924963751679586776
                  0.68480964650757059076
                 -0.16313860954397479963
                 -0.94818895343177189705
                  0.03228894996001604317
                 -1.56783711557672100767
                  0.03431765448238727201
                 -0.11827738691660437398
                 -0.03053134154313925930
                  1.50479687300942299721
                 -0.94929058774385888242
                 -0.89439320439473746216
                  0.06485264405330998239
                  0.89604078482064819511
                 -0.27627587483957549708
                 -0.06310537680785488490
                  0.53037080415726134408
                 -0.73245987670732837227
                 -1.36254668574772086487
                  0.00503030650554910867
                 -0.00574595755342779957
                  1.17091417284726051484
                  0.67723909035596940864
                 -0.34207893361844388114
                 -0.29859303826150740413
                  0.17654702570398561612
                  0.23753497011081828316
                 -0.25648788508755515636
                  0.43210181007114095708
                 -1.45715039334018192640
                  0.01476225500050759934
                 -0.21883235986014662466
                  0.53789613485781051505
                  1.08118083606506010241
                 -2.73133327652411628250
                  2.56779548541465985068
                 -0.01674952593159431680
                 -0.36643013247862116222
                 -0.84300247449556953150
                 -1.35504845329101164531
                 -0.45629125293954975184
                  0.62303757359155909068
                 -0.29167538646403240454
                  0.14896048321172611351
                  1.55917405255007657239
                  1.36042664693099157880
                  2.18497416922784637450
                  0.07723653358869209118
                 -0.10977582177133629604
                  1.20785447376744836667
                  0.02427103949593318460
                 -1.89363685476506571348
                 -0.10210771926722955749
                  0.28446280149700031714
                  0.13746457160354424998
                 -0.03630389069188845463
                  0.74400945252812711317
                 -0.02126064730048250057
                 -0.37829669468421339706
                 -0.65031022916534053646
                 -0.87760284064104776558
                 -0.25350945044654615845
                 -0.79095817338295393295
                 -1.53706540390286905406
                 -0.14854655176194639377
                 -2.07824720563774167914
                 -0.42404838834535796277
                 -0.37349997582423649645
                 -0.45133214101951174557
                  0.12246978520796567014
                  0.08908529720712236866
                 -0.17636768070576250289
                  0.26182604728651115433
                 -0.48062595785460526798
                 -0.89641300196795381527
                  0.39493323696755811003
                  1.66775404910278490789
                  0.08961436622927944351
                 -0.10990868160348568616
                 -1.00141567748241655522
                  0.34260009502876320742
                  0.11160996142404636111
                 -0.31505745372840293639
                  0.49700174987070538934
                  0.30755351284525739297
                  0.26518417680441647155
                  2.20776738078066570026
                 -1.23096211222960993936
                 -0.28196336662208643098
                 -1.64247792998468389314
                  0.42710455891515702875
                  0.42856613968678208826
                 -0.09002641928369484181
                 -1.17212896571493385700
                  1.21488227214128663434
                  0.84839377903584711760
                  0.75656306103400738916
                  0.09201735856672853264
                 -0.94369567742960669410
                 -0.99897415287115276517
                  1.23755650715955223262
                 -0.47784675520193947706
                  0.44311863504638387967
                  0.63080006316677506017
                  1.12274902736288795246
                  0.75072802328858756482
                 -1.51546115959909366566
                  0.94255809959278913368
                 -0.27859385224030808192
                  0.01668353286161902357
                  0.06567644182981156875
                  0.62269960687661007892
                 -0.51275275957223487300
                  0.00734929870910745568
                  0.14482630114100245033
                 -0.16690236036450784018
                  0.53185414781040030174
                  0.90246327726663122526
                  0.28928490540890255955
                  0.24505530133547739902
                 -1.10000135236977736319
                  0.21026309650197949619
                 -2.57317507080381613349
                  0.48468138144067551831
                  0.86508695593635365206
                  1.06817919099124369886
                  1.32350148304829740020
                 -0.15338449395823428034
                 -0.20611810839364852477
                  0.35247920173963032120
                 -1.47096815955324444758
                  3.58132250904641580291
                  0.91083593690079189820
                 -1.57806300837933033421
                 -1.83024189086057864628
                 -0.51082020089863022783
                  0.54839334783216364677
                 -1.10735536433383940924
                  1.47406785072130053216
                  0.91085728430750600992
                  0.65278640829664491552
                 -0.65645954927168959081
                 -3.83833087302260178575
                 -0.23357251051465749425
                  0.55357458889072763686
                  0.52016211041030302464
                 -0.12662685951915975124
                 -1.84211082519138424907
                  0.09913911674214050118
                  1.00508312140351763198
                  0.10177156313069450622
                  0.71438995760115997502
                  0.96184681669551874705
                  1.99237397247912162435
                  1.04268489006630948879
                  1.65619680521661072348
                 -0.83877075773401721381
                 -0.82471240563432368642
                  1.59623560653207330340
                 -0.02976775792022160610
                 -0.06570465525067545332
                  0.62121114605665961328
                  0.13521471540467192018
                  0.09998142859185431275
                 -0.52466317147119279074
                 -0.44816325127999484534
                 -0.89498706703843833310
                  0.32539984843427860461
                  0.24332298472321103877
                  0.16984832849534189925
                 -0.40210962905847658089
                 -0.43807878343825479295
                  1.03484119350628911427
                 -0.80816563557759857339
                  0.54004550525247618786
                  0.22431866132797179114
                 -1.14321588844373955851
                  0.07695567850665933907
                  0.40027424208138923101
                 -0.81398136910440488379
                  0.10074908998871182075
                  0.72182839112424534989
                 -0.47812046048106748852
                  0.61951541225673112390
                 -0.38665544238338139804
                 -0.49171436421518455173
                 -0.46025822116327358424
                 -0.39253257397061180889
                  0.81112010034983095252
                 -0.05308351161138032126
                 -0.79641261890442183180
                 -0.46620226329895736450
                 -0.16450031230072695299
                  0.07902660341680653455
                  0.20767255752324501050
                 -0.25360615307545519848
                  0.53641991349493778340
                 -0.36019615997540865848
                  0.42267257879523878472
                  0.25867992401368011812
                  0.00425437672481663101
                 -0.13494271035571633877
                  0.16351437682816005736
                 -0.25955056874482707041
                 -0.13885789067979212308
                 -0.33666387623566845777
                 -0.34794373284436552751
                 -0.05582981630724179190
                  2.36977831316616471824
                 -1.18798906721673525055
                 -0.72513445911351359641
                  1.10381588339038771984
                  0.03915425241012773783
                  0.50401558827358627912
                 -0.19901172456279153655
                 -0.80499017201602729443
                  0.75184399847412419771
                 -0.20413145749599884149
                 -0.01205590243258629173
                 -0.91375952010482908161
                  0.78428233354877852079
                 -0.56369838802680993783
                  1.04984959204754035866
                 -0.66812458429250387582
                 -0.36309490022028340084
                  0.14108857646546463238
                  0.14264722596843990021
                  0.07068635957761909561
                  2.09969186490465542505
                 -0.37789099458030472878
                 -0.61644830078141743535
                 -1.21908432620904627619
                 -2.60710543947326645053
                  0.11608032186321007306
                  0.18326069872812544848
                  0.42776777862779596928
                  0.21211384491370591232
                 -1.15873378931954018611
                 -1.05433607670449203120
                  0.85999438645981185481
                  0.44068052551095665548
                  2.20613350612434233611
                  0.75619688367300319509
                  2.10018255827676814107
                  0.74027883998491350592
                  0.88943443871736282968
                  2.10427078552910318265
                 -0.35052998764909171214
                  0.09517753474426073057
                 -0.38933705890898251401
                  1.24510055359094717886
                  0.04148004273840542183
                  0.35785486230758045689
                  0.44460085758626349817
                  0.41073125519683895135
                 -0.83089710427577334606
                 -2.93688044916786639149
                  1.70955050270835773318
                  0.46590143924488114369
                  0.37034358246409398996
                 -0.40456240617450506258
                 -0.25095245352001155359
                 -1.76261935860214680183
                  0.15795846192975140920
                 -0.33667805443859177839
                  0.73059083253030610017
                  0.42742101328668868909
                  2.07819294099436691070
                 -0.47921542465212230155
                  0.00065852825785192440
                  0.98519694388059309009
                 -0.82029833947729713373
                  0.18978046743155455034
                 -0.90287180935073751975
                 -4.27011090838715468010
                  1.41576565113111807470
                  0.05544678302531772657
                 -0.78410063405145402626
                 -0.31783725679103713713
                 -1.03782177783030271634
                 -0.73295248110108368600
                 -2.71786336533828887241
                 -0.19632454795379389312
                 -0.68984772345519729253
                 -0.21808269873297328467
                  0.63687951915460272456
                 -0.08992622528823271399
                 -0.54318927799581673277
                 -2.29570019080879639262
                  1.44330039179412072947
                 -0.00792366137233255913
                  1.03786340125863185690
                  1.18315238841971570594
                 -0.37572993554309064290
                 -0.14071854087739579797
                 -0.07981289704472756263
                  0.06361181078076569295
                  0.17621887644990022470
                  1.45058718772419692478
                 -1.17970594260304162404
                  0.94999716805732159486
                  0.00561614268886610844
                  0.31711253673303252398
                  0.08992542581584986316
                 -0.92521314575085145115
                  1.67189662308767861276
                  0.66336386444820871766
                 -0.23665722181499213028
                 -0.03627928475118760709
                  0.14955508365421532613
                 -0.15170102257216000474
                 -0.50078943463320013674
                  0.57656683488664040027
                 -0.60390509112247436896
                 -0.03948128295277537197
                  0.42948748931752961377
                  0.26191757793432413060
                  0.86703567985746266000
                  1.08775133571779081265
                  0.11684774529183075686
                 -0.26746969379514096143
                 -0.83528535670692161119
                  0.05167722578459971183
                 -0.10380674841842324474
                 -0.28515278800634397127
                 -0.86890128864115045992
                  0.09880882550686188870
                 -0.41765946340667442493
                  0.57161360501522873179
                 -1.23877044272343406206
                 -0.93407408592413398996
                  0.36032542870969302973
                  1.57499412162978136287
                 -0.25163549606597235275
                 -0.37103915790006253284
                  1.24563852143793019067
                 -1.69604088590315327245
                  0.16034321658626363161
                  0.23915341802772169255
                  0.58551337363708699790
                 -1.36759833729365953836
                 -2.91392252847647448277
                 -1.33539879733048527655
                  2.47011371964577586269
                  2.41686560655980153811
                 -0.45920976505806748724
                  0.40306361088752462596
                  0.11593449779996353732
                 -1.71589282117413222117
                  0.88610742725005353648
                 -1.17926618784379044769
                  0.10975222673504474169
                  4.04772411997101055903
                  1.29724585950337134577
                 -0.40198795407212950526
                 -0.20344592546422812784
                  0.29782072158264089046
                  0.47545089292224829158
                 -0.02682474332876551293
                  1.18602899215726886872
                  0.82522169071316398004
                  0.71516085687193575726
                  1.18245317418374340512
                  1.55688491771110970596
                 -0.31534316255850092237
                  2.82347044435995231382
                  0.83456961950276453699
                 -0.65513213782054779966
                  0.03615667357391191827
                  0.62540410116928135675
                 -0.67703650682327443100
                 -0.04982606429616596999
                 -0.37669925442208301858
                  0.50523644960150693173
                  1.05189196073656798802
                  0.38800415491061357454
                  1.61631793251704425352
                 -0.52336890167694882781
                  0.41818131445146505820
                  0.30186087219010782068
                 -0.46051310952167673340
                  0.38687571140958387783
                  1.16611910745558033931
                 -0.02933280880063248580
                  0.00657013714446486041
                 -0.04334245872505635561
                 -1.48758034849445208714
                 -0.77942394523764035874
                  0.71594567925384666740
                  0.43651128728903904053
                 -0.34245411985223650486
                  0.27209826735751363458
                  1.16122704724860548176
                  0.03664560136765849380
                 -0.15781245496248563764
                 -0.02675764834099531725
                  1.89166334522155632492
                 -1.03483983624976394466
                 -0.85890125605655409657
                  0.40689238813494182923
                 -2.50285995459305166122
                  0.83369858224941284508
                  1.14719093359673407484
                  0.18889010453185145488
                  1.33755284290322817853
                  0.38753609805273869782
                  0.46430716473527028354
                  0.72945143992783478826
                 -0.98502010423496888514
                  0.55322275903054385360
                  0.36106082952510099027
                  0.67426483184933716508
                  1.70288286686020806648
                  1.83187551233571288556
                 -1.28357443131347248588
                 -0.56429339376672216222
                 -0.73957991071262341176
                  3.65365323582470358232
                  4.00254832988625963708
                  3.32665282327578326615
                 -5.83050612262840139977
                 -2.75356279029725214968
                  4.43688971724372294148
                  1.89454361859976772031
                  5.12253025943785367247
                  4.10460343695254969987
                 -2.05347119754001283809
                 -4.32732465944416677672
                 -6.23652705237479842992
                  1.65687317458036242890
                 -3.34609887891604174115
                 -1.70251730525815436756
                  5.34583331479589407564
                  2.56396375659332287356
                 -3.32776815070080456138
                  1.18782085925267866244
                 -2.67085142011346254876
                 -6.41865803687418523538
                 -4.14015769205165717892
                  5.06645118303124686321
                  2.88331215813754537791
                 -5.46408607647385657913
                  5.67400203435504479899
                 -1.97546043322976605516
                 -5.41412472442883530022
                  5.03348334856831858275
                 -3.08232948367366699216
